4.493388268550309476e+03
4.483559296582764546e+03
4.484285764319416558e+03
4.494166502832763399e+03
4.475291980225086263e+03
4.478238979310194736e+03
4.484601659438710158e+03
4.473825607608331666e+03
4.485525200794141711e+03
4.481647757647750041e+03
4.493882126400219022e+03
4.493506622795658586e+03
4.491234629336554462e+03
4.484311489024034927e+03
4.486056407113882415e+03
4.485736081314324110e+03
4.484870165490629915e+03
4.477205665109664551e+03
4.493378578939908948e+03
4.482882454932992005e+03
4.485804897000845813e+03
4.493152584366931478e+03
4.473585085695930502e+03
4.484809405991316453e+03
4.486524628778631268e+03
4.491837667789783154e+03
4.482636846004163999e+03
4.482804248318097052e+03
4.491649773642470791e+03
4.491406491228489358e+03
4.492153065455152500e+03
4.492125044717454330e+03
4.477339363177364248e+03
4.497565853982244334e+03
4.492472117814356352e+03
4.493223292350569864e+03
4.484188077446352509e+03
4.477470092601330180e+03
4.483581348244734727e+03
4.477010717513084273e+03
4.469762670290441747e+03
4.489734449241752372e+03
4.492396474105280504e+03
4.474162810735119820e+03
4.469912985319238032e+03
4.471500284758511953e+03
4.468148473761627429e+03
4.483735179283620710e+03
4.482889935373153094e+03
4.499240158470076494e+03
4.493572531057635388e+03
4.492678514899356742e+03
4.494408471835433375e+03
4.484297926875764460e+03
4.507545987838298061e+03
4.485571068097347052e+03
4.494608505284259081e+03
4.490503870074713632e+03
4.477410811790881780e+03
4.484659568375026538e+03
4.484895948649720594e+03
4.476510653580534381e+03
4.475688136168506389e+03
4.484478534493256120e+03
4.473125435899803961e+03
4.492658155070499561e+03
4.499890976093015524e+03
4.497769430362734965e+03
4.475842830788652464e+03
4.476859632979335402e+03
4.477111049328811532e+03
4.469099134095524278e+03
4.485158395729718904e+03
4.484179693482781659e+03
4.490826886355527677e+03
4.478211553280844782e+03
4.476458861775143305e+03
4.492101047634785573e+03
4.484502629282336784e+03
4.493169647260115198e+03
4.483424121406236736e+03
4.476265213730654068e+03
4.475256426383351936e+03
4.476388883041750887e+03
4.477911608651472307e+03
4.485373343503452816e+03
4.487398689363585618e+03
4.483248009211733915e+03
4.493356346520619809e+03
4.492296916060568037e+03
4.484475408106473878e+03
4.469399918514343881e+03
4.493009450472446588e+03
4.467020004014833830e+03
4.500481519291167388e+03
4.485307691709343999e+03
4.490545188511366177e+03
4.476768255812158714e+03
4.503042976099625776e+03
4.487131704745950628e+03
4.475108953817385554e+03
4.484535033406584262e+03
4.485143333488717872e+03
4.492603034204217693e+03
4.486823041112270403e+03
4.501365894524878968e+03
4.483057542311576981e+03
4.474631048814826499e+03
4.476638260644725051e+03
4.483808354692131616e+03
4.477177288660149316e+03
4.491736269992237794e+03
4.478990259399125534e+03
4.468226140093928734e+03
4.491405504428768836e+03
4.485359240347464947e+03
4.483669415219327675e+03
4.483211657233215192e+03
4.483176712813276026e+03
4.483560440941351771e+03
4.467223683967274155e+03
4.501120208391459528e+03
4.474992394855343264e+03
4.482785147594989212e+03
4.478182802311072010e+03
4.485204398894676160e+03
4.469576770123147071e+03
4.484838250495369721e+03
4.483279325311335924e+03
4.477046836402892040e+03
4.476295972210296895e+03
4.477334727236938306e+03
4.500198420122608695e+03
4.467758390214517931e+03
4.469892435870940062e+03
4.484344634267783476e+03
4.484466827151348298e+03
4.482337905095716451e+03
4.476074773622050088e+03
4.490621825043006538e+03
4.485838637002540963e+03
4.491606885676782440e+03
4.492167913157815747e+03
4.468594357263906204e+03
4.485058523475212496e+03
4.484657340997753636e+03
4.469984411090754293e+03
4.501078178729095271e+03
4.484000170858117599e+03
4.485536533553011395e+03
4.484960984248360546e+03
4.485306837679609089e+03
4.484323530348735403e+03
4.492748001328575810e+03
4.476661802640973292e+03
4.492431005950797953e+03
4.503223293178235508e+03
4.477787689636349569e+03
4.492199178952482725e+03
4.476424401942521399e+03
4.473981553720836928e+03
4.479169545681245836e+03
4.484748950174443962e+03
4.485312776962474345e+03
4.475431711466293564e+03
4.473997000938318706e+03
4.482362136152566563e+03
4.482047637399985433e+03
4.485969482853060981e+03
4.476060985926513240e+03
4.476112504331202217e+03
4.499030872839714903e+03
4.484004061356330567e+03
4.490742411268466640e+03
4.492497831179673994e+03
4.471161935273453309e+03
4.492889810946835496e+03
4.485041118641609501e+03
4.484736045461194408e+03
4.477062585691442109e+03
4.484871793266273016e+03
4.477078692017023968e+03
4.477536671200788987e+03
4.492663986248430774e+03
4.483969048047437354e+03
4.477290181427933931e+03
4.490450482940756956e+03
4.474263387791533205e+03
4.484355541454929153e+03
4.490725022999364228e+03
4.493214291974503794e+03
4.484738275122961568e+03
4.469241704859248784e+03
4.477251201877655149e+03
4.482651972388715876e+03
4.469411005495890095e+03
4.495699808572851907e+03
4.486744454334775583e+03
4.490658409718800613e+03
4.483161641285387304e+03
4.478616606045817207e+03
4.476261856159339914e+03
4.481750745713690776e+03
4.481996438900151588e+03
4.482409522480454143e+03
4.485562572196848123e+03
4.483277069066823969e+03
4.475918145814710442e+03
4.474435799886878158e+03
4.478420677633020205e+03
4.490827966408323846e+03
4.485767802562041652e+03
4.478879038702763864e+03
4.482996641870615349e+03
4.493662681982603317e+03
4.476307464452735076e+03
4.484343349432880132e+03
4.496960031387818162e+03
4.484138016270405387e+03
4.475708360641803665e+03
4.468859009081039403e+03
4.486083774036068462e+03
4.484764611073990636e+03
4.491269144078431964e+03
4.478458182336717982e+03
4.482807929435924052e+03
4.477934090590526466e+03
4.484723009594212272e+03
4.474550425586026904e+03
4.479564812641883691e+03
4.476742129232392472e+03
4.507375114815369670e+03
4.486035195031558942e+03
4.493515831438948226e+03
4.476896667243725460e+03
4.489286844402950919e+03
4.485325534783421972e+03
4.487627028396226706e+03
4.484244979169332510e+03
4.491808284636446842e+03
4.484501533706371447e+03
4.485894685690530423e+03
4.491031359706056719e+03
4.493282119832749231e+03
4.476442960041063998e+03
4.490142969736855775e+03
4.468380497718372681e+03
4.483826238116567765e+03
4.477229600772836420e+03
4.489879532520089015e+03
4.476458516140551183e+03
4.486081130351165484e+03
4.478824193621059749e+03
4.494986567597804424e+03
4.500061985301315872e+03
4.476378402473021197e+03
4.484103042768405430e+03
4.484887466113530536e+03
4.492618118051856072e+03
4.492812664964530086e+03
4.477624206784968010e+03
4.478333279169707566e+03
4.501544244411695217e+03
4.483436328795926784e+03
4.478014477489833553e+03
4.482962046075552280e+03
4.484920845202809687e+03
4.490536543690977851e+03
4.474810952198623454e+03
4.497007849300779526e+03
4.484510636291935953e+03
4.485191737910801749e+03
4.493890542167302556e+03
4.475675956848494934e+03
4.484448695997562936e+03
4.476899345563764655e+03
4.479391778350111053e+03
4.485016348635183022e+03
4.491879129188592742e+03
4.485175081908280845e+03
4.480068950918581322e+03
4.467704431577571086e+03
4.492381033952695361e+03
4.478679842788447786e+03
4.485201878968428900e+03
4.476615253905002646e+03
4.493459301727451020e+03
4.476804963826083622e+03
4.491286982948359764e+03
4.484739362570467165e+03
4.484319677029888226e+03
4.484254502789901380e+03
4.492622590876819231e+03
4.475542732637590234e+03
4.479143096775184858e+03
4.475599433931251951e+03
4.484398615835636519e+03
4.482888395471633885e+03
4.472928651744265153e+03
4.489927219529921786e+03
4.491926238901814031e+03
4.476122760176584961e+03
4.483124722019507317e+03
4.476048520279157856e+03
4.492099410248954882e+03
4.483502549663134232e+03
4.483361464434516165e+03
4.475915005698173445e+03
4.485527515249507815e+03
4.497606856808613884e+03
4.491711802791108312e+03
4.485400639719379797e+03
4.483774622541483950e+03
4.490629516513638009e+03
4.486416840424785732e+03
4.484269055401829064e+03
4.492387087218394299e+03
4.485572335675374234e+03
4.483637963041533112e+03
4.482006013901955157e+03
4.473258488389084960e+03
4.474561657610545808e+03
4.493179587758770140e+03
4.483377893040514209e+03
4.487108732436237915e+03
4.491174558400803107e+03
4.485949228825775208e+03
4.484816018311618791e+03
4.484710297529857598e+03
4.490927502837816064e+03
4.491096347297977445e+03
4.492272545412495674e+03
4.483993010847382720e+03
4.476825404048875498e+03
4.471283045673966626e+03
4.495239381356134800e+03
4.492312046839896539e+03
4.476127491466884749e+03
4.482362811017294916e+03
4.492543068915263575e+03
4.484147964896974372e+03
4.475679081962031887e+03
4.483541496028341498e+03
4.481843033312296939e+03
4.470893955924581860e+03
4.483695500316066500e+03
4.476985705100181804e+03
4.483991327839617952e+03
4.491599602556630089e+03
4.482503154230122163e+03
4.491586316331237867e+03
4.475195120750199749e+03
4.486335756680450686e+03
4.485448554316213631e+03
4.476873265300366256e+03
4.490996301239522836e+03
4.483938362076753947e+03
4.493513234224707048e+03
4.477295901943110039e+03
4.481280866884259922e+03
4.493560590624637371e+03
4.475617186666400812e+03
4.500727947630682138e+03
4.485847314328664652e+03
4.485458154711623138e+03
4.481366627042642904e+03
4.483478011502975278e+03
4.473800867261280473e+03
4.484449904830568812e+03
4.467729162099339192e+03
4.495009735139324221e+03
4.474440390983761972e+03
4.477816664705946096e+03
4.476942511985140300e+03
4.491870985942190600e+03
4.483669623097629483e+03
4.491883752952057876e+03
4.477670000513587183e+03
4.461749492144151191e+03
4.505651342830861722e+03
4.477441721513279845e+03
4.487021495566908015e+03
4.469977282516991181e+03
4.486128779150762057e+03
4.484771482856921466e+03
4.468900331306902444e+03
4.477249940382590466e+03
4.492230198552252659e+03
4.483711757800288979e+03
4.493050036526167787e+03
4.475522937492743040e+03
4.485133184812282707e+03
4.476741471721663402e+03
4.483770021132887450e+03
4.495563968257640227e+03
4.476918942910844635e+03
4.486244213359919740e+03
4.485145073509883332e+03
4.483536945688201740e+03
4.479623827492877354e+03
4.482151334692193814e+03
4.475612567964866685e+03
4.491036330275837827e+03
4.483112378520401762e+03
4.484760535601457377e+03
4.478643045350568173e+03
4.492419296261578893e+03
4.483217507450367521e+03
4.486569689105594080e+03
4.483436610238409230e+03
4.477448899913706555e+03
4.483003054687980693e+03
4.478152452221593194e+03
4.500065165084167347e+03
4.484130556254964176e+03
4.492655260542426731e+03
4.478138874157922146e+03
4.485732041981550537e+03
4.483743894642358100e+03
4.478172226746784872e+03
4.477180600595706892e+03
4.476882091722749465e+03
4.483103230812535912e+03
4.473515589628620546e+03
4.492373395186086782e+03
4.481877373292936682e+03
4.490962213160653846e+03
4.492699338198372061e+03
4.484963481939276789e+03
4.477964656456383636e+03
4.484251427854828762e+03
4.476490380982709212e+03
4.477560893143088833e+03
4.491126149858623648e+03
4.490596852603604020e+03
4.484273029345761643e+03
4.483512852135077082e+03
4.483163802940694950e+03
4.486576360404209481e+03
4.478623485874689322e+03
4.485235261908705070e+03
4.485015075087147125e+03
4.483569315410019954e+03
4.490042238286943757e+03
4.493498064875366254e+03
4.491584062526467278e+03
4.469937582765664047e+03
4.484133457892785373e+03
4.485630192499729674e+03
4.481693691745870638e+03
4.469058095648555536e+03
4.465663902029455130e+03
4.484570307037183738e+03
4.485756955531280255e+03
4.484879803818112123e+03
4.483746714719348347e+03
4.485422061502862562e+03
4.475758548467057153e+03
4.498544808368869781e+03
4.477815313983010128e+03
4.477315873023438144e+03
4.485963065964681846e+03
4.475179261065272840e+03
4.480015319532450121e+03
4.494917523710667410e+03
4.485671197326446418e+03
4.468076591094112700e+03
4.500200810685954821e+03
4.490109682470078042e+03
4.476467893326290323e+03
4.483960423048956727e+03
4.490766476213694659e+03
4.480563917931484866e+03
4.486577861675784334e+03
4.491935247482447267e+03
4.485231991800984360e+03
4.485417132385646255e+03
4.486398545267849840e+03
4.492852992666370483e+03
4.492927242526334339e+03
4.491892246558372790e+03
4.473598943324548600e+03
4.476466952275343829e+03
4.475336704889549765e+03
4.484499759133065709e+03
4.484831238662166470e+03
4.483926060568686808e+03
4.483382720085294750e+03
4.493703649014927578e+03
4.476327946785418135e+03
4.474712850749434438e+03
4.475781357934429252e+03
4.475938062362843084e+03
4.493325296606202755e+03
4.469000583238766012e+03
4.485186719823987005e+03
4.500292073380036527e+03
4.483724669282228206e+03
4.483953996282819389e+03
4.476483815999224134e+03
