4.484315208087192332e+03
4.484667838924179705e+03
4.484329714761011019e+03
4.484139672931459245e+03
4.475978979930669084e+03
4.484472552522997830e+03
4.484023190563846583e+03
4.484001263750149519e+03
4.484105599002432427e+03
4.484237574974890777e+03
4.484297318595608886e+03
4.485179898713053262e+03
4.484524682364593900e+03
4.484565781560680989e+03
4.484530186913173566e+03
4.484272558367741112e+03
4.484276520894322857e+03
4.483561731787920507e+03
4.485001140861746535e+03
4.484510270933581523e+03
4.484392368760948557e+03
4.484287338765903769e+03
4.484245937751760721e+03
4.484075452326900631e+03
4.476350050724680841e+03
4.484552888689485371e+03
4.484690321260682140e+03
4.484823230582954238e+03
4.484564198145410046e+03
4.484418965296297756e+03
4.484873830334390732e+03
4.484695807178531140e+03
4.483919126061195129e+03
4.484740625323727727e+03
4.484125614577285887e+03
4.485350337835439859e+03
4.483724765555622980e+03
4.483935716415047864e+03
4.484915138823298548e+03
4.483520760486045219e+03
4.484494387738448495e+03
4.485042980315742170e+03
4.484406720458155178e+03
4.484667767898648890e+03
4.483807721871417016e+03
4.484374815376851984e+03
4.484011901803522051e+03
4.485023614194018592e+03
4.484045195473613603e+03
4.484618377830443933e+03
4.485203932075694865e+03
4.484433423132568350e+03
4.484225640184758049e+03
4.483928500955608797e+03
4.484156596580187397e+03
4.484515826561231734e+03
4.484179017649350499e+03
4.483833846324792830e+03
4.484497111893560032e+03
4.484054494100425472e+03
4.484245950352486034e+03
4.483808679241569735e+03
4.484257096052141605e+03
4.484376628527374123e+03
4.484147457473056420e+03
4.484627750740608462e+03
4.484385096147402692e+03
4.484414028372674693e+03
4.484811033276028866e+03
4.484178247079845278e+03
4.483923045832422758e+03
4.484511712681618519e+03
4.483993127389197070e+03
4.484291779076548664e+03
4.485016516588616469e+03
4.484380294163736835e+03
4.484514861899786411e+03
4.484175444234595489e+03
4.484487658851094238e+03
4.484462073629671067e+03
4.484845887321858754e+03
4.484475338048086087e+03
4.484385571148796771e+03
4.483927263209795456e+03
4.484560455457267381e+03
4.484404464366341927e+03
4.484117764085845920e+03
4.476678967274437127e+03
4.484581797503895359e+03
4.484799709448897374e+03
4.484924182226723133e+03
4.484464744755850006e+03
4.484389398582653484e+03
4.484279632237115038e+03
4.484432971607222498e+03
4.484745916165552444e+03
4.484194162888766186e+03
4.484430395922648131e+03
4.484382166690619670e+03
4.484421128904014040e+03
4.484213565678629493e+03
4.484497877383701962e+03
4.483416235315628001e+03
4.484648813426938432e+03
4.483794541363080498e+03
4.484266607543237114e+03
4.484256013135538524e+03
4.484542149168581091e+03
4.484896170412957872e+03
4.484210976811023102e+03
4.484109946111277168e+03
4.485034646520555725e+03
4.484298867087187318e+03
4.484974352057456599e+03
4.484280913055991732e+03
4.485028298567980528e+03
4.484148208785328279e+03
4.485698856156613147e+03
4.484474685517813668e+03
4.484017922169388839e+03
4.483440329031612237e+03
4.484731007763250091e+03
4.484501503310578300e+03
4.492363256875541992e+03
4.484702464639086429e+03
4.483677368434508935e+03
4.483659657390239772e+03
4.484645979378733500e+03
4.484260919774064860e+03
4.483999359975518018e+03
4.484337821002039163e+03
4.484709906275075809e+03
4.484020546667303279e+03
4.483546549447554753e+03
4.483642161442646284e+03
4.484716637347612050e+03
4.484759930135774994e+03
4.483840933193338060e+03
4.484856693099359290e+03
4.484109229748272810e+03
4.484162312061721423e+03
4.476503399690797778e+03
4.484019330986700879e+03
4.484773040779773510e+03
4.484617253442057518e+03
4.484390005262130217e+03
4.484361591325082372e+03
4.484667929908274346e+03
4.484043238503582870e+03
4.477304811365683236e+03
4.483725630191319397e+03
4.484599088040500646e+03
4.484072861471825490e+03
4.484246521144516009e+03
4.484473963344392359e+03
4.484596029953247125e+03
4.484628275276922977e+03
4.476378617766707976e+03
4.484106076244639553e+03
4.483260739842403382e+03
4.484407231232161394e+03
4.484685737035570128e+03
4.476741098062411766e+03
4.484162936453204566e+03
4.485082422223651520e+03
4.484049264363657130e+03
4.484454013701718395e+03
4.484381197023220921e+03
4.483059551680215009e+03
4.484118056413925842e+03
4.483961975937043462e+03
4.484139370975974089e+03
4.476788790103717474e+03
4.484058675021067756e+03
4.484300693288503680e+03
4.484278400746724401e+03
4.484401128670340768e+03
4.485244958646789200e+03
4.483464155137297894e+03
4.476905735085934793e+03
4.484666834984758680e+03
4.484488630250571987e+03
4.483622064670708824e+03
4.484615586201988663e+03
4.483962158666638970e+03
4.484159000177012786e+03
4.484377832736898199e+03
4.484024521719589757e+03
4.484545879177117058e+03
4.492217615202417619e+03
4.484575701065988142e+03
4.484381107105542469e+03
4.484392995594157583e+03
4.484580523139118668e+03
4.484281251024143785e+03
4.484673497563622732e+03
4.484119961356544991e+03
4.485266614114021650e+03
4.484509518989201752e+03
4.484125639481027065e+03
4.483985687758510721e+03
4.484684115974716406e+03
4.483566522245681881e+03
4.484294619469704230e+03
4.484373586447410162e+03
4.484576394700391575e+03
4.484509687985627352e+03
4.483815055367703280e+03
4.483827023539210131e+03
4.485019376556818315e+03
4.484310088341346273e+03
4.484977842734081605e+03
4.483645665939452556e+03
4.484015677679261898e+03
4.483926606874948448e+03
4.484044081509060561e+03
4.485086228616276458e+03
4.485280124352403618e+03
4.484268223921083518e+03
4.484657950322556644e+03
4.483997352434924323e+03
4.485052437244195062e+03
4.484907576926015281e+03
4.484488527789381806e+03
4.483683106275119826e+03
4.483484211853336092e+03
4.485014843295442915e+03
4.483736923405036578e+03
4.483988636700161805e+03
4.483494482565077305e+03
4.484510495502946469e+03
4.484616311728919754e+03
4.484647297843697743e+03
4.483859695205106618e+03
4.483882893434662947e+03
4.484928566683796817e+03
4.484579951284572417e+03
4.484616783873841086e+03
4.491305284269228650e+03
4.483912997537050614e+03
4.483951518311087966e+03
4.484219351965587521e+03
4.484706619446432342e+03
4.484722217328528131e+03
4.491816172565879242e+03
4.484262995514551221e+03
4.485042821729612115e+03
4.484084294801161377e+03
4.484061645567746382e+03
4.484084092607919956e+03
4.483851477621420599e+03
4.477118922308165565e+03
4.484621187582037237e+03
4.484618542773529043e+03
4.483291164533722622e+03
4.484972245581627249e+03
4.484477249165857756e+03
4.484314531930362136e+03
4.483948753434505306e+03
4.484436810287920707e+03
4.484612450204423112e+03
4.484044376880916388e+03
4.484234088502020313e+03
4.484195032206045653e+03
4.484341911079849524e+03
4.484661324094719930e+03
4.483832463640680544e+03
4.484290330478729629e+03
4.484325695481532421e+03
4.476092002991000300e+03
4.484325291647471204e+03
4.484366029441151113e+03
4.483281718458241812e+03
4.484270365463702547e+03
4.484016757452542151e+03
4.483993860399951700e+03
4.484882332154158576e+03
4.484505879263570932e+03
4.485010595317542538e+03
4.485173153586079025e+03
4.484609410521137761e+03
4.483805043632500201e+03
4.484284197241703623e+03
4.484210958356943593e+03
4.485117623782786723e+03
4.484930638008006099e+03
4.484371515274365265e+03
4.485015736706720418e+03
4.483941476972378041e+03
4.491590534508424753e+03
4.484959782382350568e+03
4.484697712389865956e+03
4.484172399296439835e+03
4.492097957937383399e+03
4.485356130247277179e+03
4.484505022992779232e+03
4.484168817290796142e+03
4.484396961408730931e+03
4.484053920940895296e+03
4.484727421717296238e+03
4.483416661443680823e+03
4.483966111875864954e+03
4.484463895057995614e+03
4.485724454217984203e+03
4.483581165821029572e+03
4.484870402460924197e+03
4.485161533659628731e+03
4.484904786421295285e+03
4.483628900213161614e+03
4.484558843013022852e+03
4.483787122223637198e+03
4.483638727768519857e+03
4.485281155423624114e+03
4.483696005153574333e+03
4.483583055334258461e+03
4.484194102483359529e+03
4.484783564479663255e+03
4.483305253724989598e+03
4.484531584202016347e+03
4.476772972530518018e+03
4.484570099717431731e+03
4.483530137729950184e+03
4.485012793605405022e+03
4.484503568170951439e+03
4.483870309884401649e+03
4.484385001195903897e+03
4.483944125970754612e+03
4.484745875439688461e+03
4.483663337519465131e+03
4.483966039609585096e+03
4.484478824052565869e+03
4.484937180541499401e+03
4.483921962853230980e+03
4.484969483772043532e+03
4.484229925515925970e+03
4.484073455388840557e+03
4.484755017914025302e+03
4.484221926186311975e+03
4.485147207827382772e+03
4.484202419882430149e+03
4.484556645031452717e+03
4.483602769308391544e+03
4.485421114217654576e+03
4.484422136447447883e+03
4.484855631060557243e+03
4.484742590457391088e+03
4.484314773727161082e+03
4.484519507518677528e+03
4.485284531923872237e+03
4.483605827443094313e+03
4.484599830100027248e+03
4.483848868185656102e+03
4.484611372219039367e+03
4.484459270573589492e+03
4.483504570202129798e+03
4.484585747532421919e+03
4.484150729887804118e+03
4.484644622360970970e+03
4.483671982346873847e+03
4.484758711190495887e+03
4.484639235896348509e+03
4.484143944724121866e+03
4.484269097019819128e+03
4.484382130622986551e+03
4.484061300569690502e+03
4.484060322197022288e+03
4.484023200901851851e+03
4.483788452666990452e+03
4.484840372410707459e+03
4.484701459099234853e+03
4.484654942000253868e+03
4.484459716729211323e+03
4.484562431953504529e+03
4.484055714874470141e+03
4.476893563075228485e+03
4.484935975518998021e+03
4.483799805125416242e+03
4.484716711546695478e+03
4.484051013541639804e+03
4.484608735537579378e+03
4.484436834503084356e+03
4.484941401677588146e+03
4.483370290396471319e+03
4.483789147514417891e+03
4.484947684356985519e+03
4.484274499747766640e+03
4.484589616077963001e+03
4.484614308825536682e+03
4.485163354483820513e+03
4.484023063924204507e+03
4.484120392981780242e+03
4.484210697351361887e+03
4.484405705686208421e+03
4.483936396663759297e+03
4.484429316134008332e+03
4.484546663129717672e+03
4.484504841334491175e+03
4.484324752849385732e+03
4.482860247844253536e+03
4.484574511037054435e+03
4.484392928688444954e+03
4.484148947028161274e+03
4.485386010711992640e+03
4.483781142850491051e+03
4.485333784176889822e+03
4.484965819445139459e+03
4.484974441180839676e+03
4.484679217146718656e+03
4.484809069460708997e+03
4.476484171106215399e+03
4.484488749060200462e+03
4.484431777590744787e+03
4.484542647898128962e+03
4.484151327346740800e+03
4.484443983365148597e+03
4.484076332078285304e+03
4.491880090352679872e+03
4.483500402191404646e+03
4.491900812318121098e+03
4.484630539978777961e+03
4.483415652730142938e+03
4.484271310224044100e+03
4.483300131079035964e+03
4.484183638355775656e+03
4.484978630412842904e+03
4.484378640887403890e+03
4.485049025482701836e+03
4.484636264083061178e+03
4.484969524675866523e+03
4.484270791044194993e+03
4.484383284368344903e+03
4.485028759275364791e+03
4.484319717313005640e+03
4.484786947553835489e+03
4.484232304306044171e+03
4.484669865567179841e+03
4.484279237758526506e+03
4.483757354568592746e+03
4.492375054984379858e+03
4.476507975683563018e+03
4.484053623743747266e+03
4.484199821245115345e+03
4.484805134207930678e+03
4.483470575552094488e+03
4.485050082827560800e+03
4.484476602495759835e+03
4.484567954421660033e+03
4.484335343332845696e+03
4.483960998422519879e+03
4.484385134911510249e+03
4.484528086100553992e+03
4.483737474597952314e+03
4.485269810006963780e+03
4.483568955672805714e+03
4.484789615241746105e+03
4.484930975676359594e+03
4.492632078266811732e+03
4.484384438846151170e+03
4.483558692603496638e+03
4.485026184999433099e+03
4.485053508733705712e+03
4.492750783423645771e+03
4.484718985097152654e+03
4.484565259733904895e+03
4.484564684457225667e+03
4.484297934330088538e+03
4.484025975857222875e+03
4.483762600084985024e+03
4.484182502434802700e+03
4.484371467020298951e+03
4.483913916184118534e+03
4.483621483780488234e+03
4.484225625154695081e+03
4.483257207509962427e+03
4.484600783762671199e+03
4.483869995664125781e+03
4.483921062400517258e+03
4.484655417155832765e+03
4.483838571707475239e+03
4.484793794634580991e+03
4.483735309135731768e+03
4.484496422790326505e+03
4.484211396612900899e+03
4.484264431429457545e+03
4.485086592548665067e+03
4.484450378178436040e+03
4.484390442169555172e+03
4.483630728525845370e+03
4.484195691238487598e+03
4.485195099628002936e+03
4.484618041035801980e+03
4.484087358310785021e+03
4.484458536712704699e+03
4.484279770809631373e+03
4.484409417552933519e+03
4.484362953485028811e+03
4.484470651402203657e+03
4.483551912055837420e+03
4.484886119934677481e+03
4.485024168733342776e+03
