4.483905516910426741e+03
4.478415395865093160e+03
4.477217985205152218e+03
4.485687844065635545e+03
4.498617209423222448e+03
4.484214048909126177e+03
4.491883957047732110e+03
4.491949160683647278e+03
4.476269684831505401e+03
4.485232394260547153e+03
4.492288371897985598e+03
4.490525139823358586e+03
4.485517825521058512e+03
4.477174497969678669e+03
4.485198293361273500e+03
4.477327634778578613e+03
4.477419885824660923e+03
4.475936957666794115e+03
4.484047852728712314e+03
4.476571414122540773e+03
4.484508283833684800e+03
4.483955894293285382e+03
4.477417203627846902e+03
4.468113948440380227e+03
4.475545834900030968e+03
4.483565065135381701e+03
4.484251687452566330e+03
4.475254234484120389e+03
4.491959207156862249e+03
4.491319089662263650e+03
4.478479965323394026e+03
4.484675829278467063e+03
4.468041603582401876e+03
4.492700936482206089e+03
4.492292300757024350e+03
4.483999678669668356e+03
4.483627140533515558e+03
4.477710946291444088e+03
4.492294504540750495e+03
4.476356438074415564e+03
4.483415596008951979e+03
4.484379228464295011e+03
4.492775955612246435e+03
4.483395712468175589e+03
4.484291485342112537e+03
4.483986130268663146e+03
4.475331598402804957e+03
4.478022832784170532e+03
4.492203947661698294e+03
4.483923996045028616e+03
4.484139749785952517e+03
4.485483512267739570e+03
4.468413199171977794e+03
4.473664503381988652e+03
4.475586544220170254e+03
4.493425807057087695e+03
4.492629430018348103e+03
4.476514516782483952e+03
4.475785716172636057e+03
4.492059441608807902e+03
4.483677284414604401e+03
4.485245796072478697e+03
4.476240346642708573e+03
4.476593711941758556e+03
4.484091755766239658e+03
4.477212160720866450e+03
4.476871850185536459e+03
4.484754933487721246e+03
4.492430464294448029e+03
4.476265093028852789e+03
4.491581610050174277e+03
4.492914194134301397e+03
4.485570248723684927e+03
4.476696208257580111e+03
4.478103974398757600e+03
4.477496059252799569e+03
4.483445870455106160e+03
4.478065871196722583e+03
4.483285530496575120e+03
4.485793416745283139e+03
4.492172171901569527e+03
4.484709925181813560e+03
4.482988315889317164e+03
4.482777781304042946e+03
4.475637322866637987e+03
4.483530318986567181e+03
4.485829510825818033e+03
4.484802463413142505e+03
4.491635488040968994e+03
4.474542772237788085e+03
4.491802948872311390e+03
4.492477982100478584e+03
4.484745765218210181e+03
4.485450443869916853e+03
4.483826410658848545e+03
4.493647795121766649e+03
4.475924492212029691e+03
4.493362191709748913e+03
4.484877379254920015e+03
4.485215791509351220e+03
4.491956552913280575e+03
4.477657258298279885e+03
4.492523796466436579e+03
4.499477767885922731e+03
4.477843109965230724e+03
4.485452122485862674e+03
4.482821252981928410e+03
4.475941572008426192e+03
4.486030731051622752e+03
4.482961535470320996e+03
4.485449876143249639e+03
4.477153481196944995e+03
4.483091303368731133e+03
4.490528293910867433e+03
4.483137312958297116e+03
4.483667009059657175e+03
4.484528287152092162e+03
4.484244216047591181e+03
4.485334900913961974e+03
4.485885056167840048e+03
4.484489984357691355e+03
4.482973085748653830e+03
4.492088830019100897e+03
4.469465438082039327e+03
4.478327691040868558e+03
4.478771962752061881e+03
4.477091364620765489e+03
4.482402140419503667e+03
4.492500149116458488e+03
4.500311174300464700e+03
4.476269033661601497e+03
4.489607220890768986e+03
4.476532385871398219e+03
4.485490934030447534e+03
4.498993594375590874e+03
4.484994057740723292e+03
4.476693576948338887e+03
4.493218579879561730e+03
4.476900525944618494e+03
4.484501474285368204e+03
4.476833759680420371e+03
4.490919338825948216e+03
4.484206791788952614e+03
4.485071895496967045e+03
4.483551315338540917e+03
4.492112405252319149e+03
4.479647570719376745e+03
4.492624070702554491e+03
4.483978219318876654e+03
4.493271833529513060e+03
4.484399447864656395e+03
4.492072815048900338e+03
4.483538397908367187e+03
4.484990079146738026e+03
4.483889924498533219e+03
4.477798970500664836e+03
4.484894406247767620e+03
4.485295593265931529e+03
4.483320734472798904e+03
4.485264805354386226e+03
4.492785311605691277e+03
4.484612886220042128e+03
4.474350138537961357e+03
4.469397774015020332e+03
4.479095488545520311e+03
4.483780367946452316e+03
4.485758817422784887e+03
4.483471743575197252e+03
4.475972014721400228e+03
4.493453300588037564e+03
4.476769351059248038e+03
4.491470522694467036e+03
4.476960036412358022e+03
4.483583196258689895e+03
4.485763592979154964e+03
4.492247367527977985e+03
4.477596425054958672e+03
4.476507062096573463e+03
4.484688167682615131e+03
4.491861578802871009e+03
4.498982149779873907e+03
4.484068907061653590e+03
4.484667813774625756e+03
4.485837900345763046e+03
4.492914242534195182e+03
4.484164819255573093e+03
4.482927244604703446e+03
4.483490264134933568e+03
4.476400066159210837e+03
4.476376578591945872e+03
4.483804598210781478e+03
4.491963243757676537e+03
4.483667467118560126e+03
4.483207567210339221e+03
4.483770395998376443e+03
4.482688631430864007e+03
4.484270668625233156e+03
4.499601036132847184e+03
4.476626047359899530e+03
4.477132311495585782e+03
4.475974937867023073e+03
4.483787217899534880e+03
4.492216701375252342e+03
4.475263850656528120e+03
4.483696868819633892e+03
4.482352183008280008e+03
4.483789794133525902e+03
4.492089259738831970e+03
4.484965667920091619e+03
4.483775550787054271e+03
4.484146401115100161e+03
4.489115600697688933e+03
4.484150371449042723e+03
4.493138876850216548e+03
4.491485890316651421e+03
4.484644604888963840e+03
4.492302777745577259e+03
4.484009931886384948e+03
4.485085264644913877e+03
4.492876452936025089e+03
4.483392477590908129e+03
4.485290560793063378e+03
4.483545190685821581e+03
4.485771523047706978e+03
4.493540726305001044e+03
4.485176904155833654e+03
4.484623254492039450e+03
4.484847493443280655e+03
4.499548425407030663e+03
4.484831249844733975e+03
4.483224002749055217e+03
4.483467838268285959e+03
4.485018351279090894e+03
4.485009387121971486e+03
4.499466354333309027e+03
4.493535455507769257e+03
4.483286971097111746e+03
4.483426829545350301e+03
4.486035779497367002e+03
4.484222912883029494e+03
4.483675761036034601e+03
4.492544055720124561e+03
4.476014092457761762e+03
4.485516511559289029e+03
4.485474191717091344e+03
4.476130309365947141e+03
4.492726565336974090e+03
4.483871250018295541e+03
4.482706999265924424e+03
4.490988546776973635e+03
4.483732822564247726e+03
4.498947938817432259e+03
4.493845143700434164e+03
4.490790199174034569e+03
4.467956084120279229e+03
4.485828972712462928e+03
4.483244656030614351e+03
4.477269618560159870e+03
4.484796520735993909e+03
4.484479451171911933e+03
4.476365661007762355e+03
4.492261496708787490e+03
4.484143770038459479e+03
4.486613995144865839e+03
4.493335487645840658e+03
4.484241331701314266e+03
4.482746498486911150e+03
4.483850766758332611e+03
4.484741371733874075e+03
4.482858301197188666e+03
4.483582999945156189e+03
4.490663142022082866e+03
4.478041431610598011e+03
4.484327397989562996e+03
4.484181973520952852e+03
4.484000549908606445e+03
4.483736474256054862e+03
4.484281074180863470e+03
4.468998117080794145e+03
4.492014269309664996e+03
4.484669220241429684e+03
4.483122244788178250e+03
4.475459637592915897e+03
4.481226808363097916e+03
4.483082918879793397e+03
4.482056641145224603e+03
4.483685549355457624e+03
4.477146364506772443e+03
4.478173576745198261e+03
4.484442145832513233e+03
4.491582802020257986e+03
4.476286968005533708e+03
4.492337660662839880e+03
4.477778333223533991e+03
4.485017336358307148e+03
4.483617779162391344e+03
4.484987084246839913e+03
4.493578821758898812e+03
4.490396751398732704e+03
4.482601732927199919e+03
4.485699297896669123e+03
4.484138269899177430e+03
4.476141690363404450e+03
4.483574376008783474e+03
4.483206880163743335e+03
4.484965536128832355e+03
4.484177771923650653e+03
4.483309837230646735e+03
4.477744175299962080e+03
4.484635822232445207e+03
4.482858051122761935e+03
4.477384459043505558e+03
4.485321570217107364e+03
4.491476066722888390e+03
4.466462052203994972e+03
4.477038209591351915e+03
4.490903260837446396e+03
4.484029895248456342e+03
4.492460208916405463e+03
4.484656335433926870e+03
4.483900026008494024e+03
4.476365888659680422e+03
4.476365809590213757e+03
4.484672582235940354e+03
4.491027760589577156e+03
4.499002733250417805e+03
4.466226798721889281e+03
4.494094076410259731e+03
4.491924993567390629e+03
4.482288425395651757e+03
4.477410273008195873e+03
4.491111947020203843e+03
4.491608645690168487e+03
4.492848441343545346e+03
4.484323882263312044e+03
4.476094906849374638e+03
4.483478071738716608e+03
4.483871042668662085e+03
4.484647593080373554e+03
4.483889071682820031e+03
4.477798508516568290e+03
4.476014588066370379e+03
4.482886365449418918e+03
4.483508379633765799e+03
4.491031960469691512e+03
4.484261029192468413e+03
4.475475202402299146e+03
4.475044416956160603e+03
4.483970507838264894e+03
4.484647356845414834e+03
4.483967643400840643e+03
4.493504919014018014e+03
4.476993443213943465e+03
4.483311845922208704e+03
4.475210807777712034e+03
4.495142980665191317e+03
4.491916962957865508e+03
4.484937112884404996e+03
4.477708842374453525e+03
4.485735046949140269e+03
4.483721596220351785e+03
4.485633173015093234e+03
4.484420383789089101e+03
4.483591647460655622e+03
4.485188639679768130e+03
4.475089224544832177e+03
4.490932751439523599e+03
4.476624917148539680e+03
4.474466631252250409e+03
4.484356560172635000e+03
4.492406909251812976e+03
4.483185086149535891e+03
4.492694899019675177e+03
4.483370095764860707e+03
4.468156613051351997e+03
4.483894297635750263e+03
4.484632202129491816e+03
4.484070349573760723e+03
4.485088556927777972e+03
4.486371166070544859e+03
4.483552032431380212e+03
4.491616586886019832e+03
4.482241192339258305e+03
4.485960691787497126e+03
4.484446306353832369e+03
4.491219931790453302e+03
4.493787843910745323e+03
4.484846338276571259e+03
4.477012203131158458e+03
4.478091200716499770e+03
4.484781752798890011e+03
4.482523354030351584e+03
4.485853538617800041e+03
4.485073805406107567e+03
4.485076089090594905e+03
4.485165272747918607e+03
4.475856239087706854e+03
4.493891658837595969e+03
4.483801981186859848e+03
4.477278851434482021e+03
4.477288843763371915e+03
4.477567017172182204e+03
4.483149277233476823e+03
4.483682799719940704e+03
4.476974225556879901e+03
4.493156462484496842e+03
4.476687600042134363e+03
4.477956013829642870e+03
4.485148296590939935e+03
4.484010244846934256e+03
4.485812147671778803e+03
4.478930134407596597e+03
4.485403327293292932e+03
4.500106187347175364e+03
4.483796135856833644e+03
4.485217368249716856e+03
4.490436940478145516e+03
4.484163767505492615e+03
4.483611031025842749e+03
4.476100109617487760e+03
4.484916509056343784e+03
4.475615477163438300e+03
4.485426149230150259e+03
4.483389330110581795e+03
4.485610995363347683e+03
4.490125635908889308e+03
4.475792293782106753e+03
4.484864499251256348e+03
4.484695901753721046e+03
4.484958299747537239e+03
4.484086359397599153e+03
4.484808997236796131e+03
4.493072104278098777e+03
4.468271348765640141e+03
4.482759622481912629e+03
4.491901468039283827e+03
4.477017345517714602e+03
4.481105550352495811e+03
4.485411341261466077e+03
4.491026487257846384e+03
4.483674061272663494e+03
4.483594214201377326e+03
4.483628334553525747e+03
4.483633128692855280e+03
4.476122539934254746e+03
4.486152532062955288e+03
4.483162124518793462e+03
4.490032690935358914e+03
4.475217739729640016e+03
4.493383941428015532e+03
4.484123592837983779e+03
4.484994446249879729e+03
4.483381357770356772e+03
4.491518770012071400e+03
4.485091978220144483e+03
4.484321395260517420e+03
4.476952907517866151e+03
4.484568058707584896e+03
4.483393073673124491e+03
4.485288243663826506e+03
4.475260460166527992e+03
4.483755324640394065e+03
4.484112422601530852e+03
4.485299671290220431e+03
4.476222270651685903e+03
4.483049969138554843e+03
4.484947626559562195e+03
4.484650644888241914e+03
4.492853216859977692e+03
4.476396731516389082e+03
4.493074257440618567e+03
4.494525114866665717e+03
4.484726317490324618e+03
4.491391515863899258e+03
4.484632417199406518e+03
4.489747659342847328e+03
4.477046978123521512e+03
4.491546054385915340e+03
4.482752854567435861e+03
4.469046882381567229e+03
4.483313808101399445e+03
4.484292471395252505e+03
4.485003682971517264e+03
4.476684417503454824e+03
4.484216923385500195e+03
4.476748623888442125e+03
4.492733332121008061e+03
4.484704020876052709e+03
4.484758494840844833e+03
4.483447038453851746e+03
4.478261214563305657e+03
4.485585258697663448e+03
4.476561315783998907e+03
4.482827740867836837e+03
4.486155716723395926e+03
4.484402289664439195e+03
4.482536019964534717e+03
4.477372262369000964e+03
4.485049319150216434e+03
4.491532936649364274e+03
