4.500402037089160331e+03
4.508754325938371949e+03
4.474984827044818303e+03
4.475434635843235810e+03
4.480832705465837535e+03
4.481190241980276369e+03
4.455140525564858763e+03
4.465031105227045373e+03
4.483660531815847207e+03
4.487309799609829497e+03
4.485008498441373376e+03
4.490381145864195787e+03
4.478833481597704122e+03
4.466537828260251445e+03
4.476381162945047436e+03
4.474876084674241611e+03
4.474964635403160173e+03
4.494725953424303952e+03
4.473142377320919877e+03
4.474290089808380799e+03
4.497567823740536369e+03
4.479121150288585341e+03
4.492313725837322636e+03
4.491731096979465292e+03
4.493058917594683408e+03
4.482644972534460067e+03
4.509272055529751015e+03
4.491376533284524157e+03
4.507397053052764932e+03
4.498975526855627322e+03
4.476442262948711686e+03
4.476036585991960237e+03
4.489555836178505160e+03
4.481629821825721592e+03
4.478283560825547283e+03
4.488012385711466777e+03
4.476310335120421769e+03
4.495950004376431934e+03
4.479182372938350454e+03
4.475858533546401304e+03
4.468126875347949863e+03
4.459728322679558005e+03
4.486886986521749350e+03
4.501662122593480490e+03
4.471479176338365505e+03
4.491396251039699564e+03
4.494771304374891770e+03
4.493726474589670943e+03
4.470721719077689158e+03
4.484953888625856052e+03
4.478880768365117547e+03
4.506407017888444898e+03
4.492520712435560199e+03
4.473644573433753976e+03
4.499594144399276047e+03
4.476085104599466831e+03
4.480006780081665966e+03
4.498231695186546858e+03
4.477127003257863180e+03
4.485015783933199600e+03
4.464491599762452097e+03
4.462863054032151013e+03
4.463393340937129324e+03
4.475457501826774205e+03
4.469457459630470112e+03
4.467205841408515880e+03
4.460363769991900881e+03
4.494373235089399714e+03
4.465413199037859158e+03
4.498388817164043758e+03
4.476284048156685458e+03
4.455356347460815414e+03
4.508444336829371423e+03
4.492619149901197488e+03
4.479628579341366276e+03
4.488121187453474704e+03
4.491545587432074171e+03
4.482786742546606547e+03
4.474629317480274040e+03
4.485320238138760033e+03
4.495665165430270463e+03
4.491229190823510180e+03
4.473788258063560534e+03
4.486905721207838724e+03
4.492500222468850552e+03
4.480243273920522370e+03
4.501656100724309908e+03
4.490615335365318060e+03
4.496935467576115116e+03
4.492180945002346562e+03
4.474922725682198688e+03
4.478339625646505738e+03
4.509726784133103138e+03
4.472994982409499244e+03
4.509060764526681851e+03
4.481456898262114919e+03
4.472651458939843906e+03
4.470939365029138571e+03
4.484951749766550165e+03
4.474849351677258710e+03
4.452090868183396196e+03
4.468745447537931796e+03
4.485115445676665331e+03
4.482199203387017405e+03
4.488838942896996741e+03
4.481047022527582158e+03
4.496098846110248815e+03
4.500353636929070490e+03
4.461545542334479251e+03
4.477500433263773630e+03
4.483435725865767381e+03
4.469418546932071877e+03
4.483765325687534641e+03
4.483839285833497343e+03
4.501666782838899962e+03
4.483812788654514407e+03
4.482602571443892884e+03
4.496015673374133257e+03
4.486762125497299166e+03
4.470263763662212114e+03
4.491871559279126814e+03
4.496828428486015582e+03
4.483350993740348713e+03
4.508007770378897476e+03
4.482973967712035119e+03
4.485239059778399678e+03
4.502552616586217482e+03
4.465399891078397559e+03
4.480214649778396961e+03
4.493741872748742026e+03
4.473116183574730712e+03
4.491139793380029914e+03
4.485169446571854678e+03
4.492547999913626882e+03
4.468083893576352239e+03
4.507256861955132081e+03
4.483775858842306661e+03
4.484080931530644193e+03
4.476851472749605819e+03
4.470715409000549698e+03
4.466616303547781172e+03
4.482128495194620882e+03
4.493737352994245157e+03
4.487944316126354352e+03
4.491037222783143079e+03
4.474144462240014946e+03
4.490439895820512902e+03
4.470921896717770323e+03
4.477548396247366327e+03
4.499100985471356580e+03
4.483542405741093717e+03
4.472196116983186585e+03
4.499635219274920928e+03
4.474154008690572482e+03
4.497596150745241175e+03
4.477261341611699208e+03
4.477765165273527600e+03
4.473339672350204637e+03
4.493916742624252038e+03
4.494612820947364526e+03
4.502421173797576557e+03
4.512281504241124821e+03
4.471211762794601782e+03
4.466600060639523690e+03
4.513758367538451239e+03
4.473431072172578752e+03
4.477104208816480423e+03
4.483188861794912555e+03
4.468296437094840257e+03
4.500107034442281474e+03
4.487374847149294510e+03
4.483796484291026900e+03
4.493262510733945419e+03
4.510123708468341647e+03
4.515255761159574831e+03
4.495797241775083421e+03
4.488899749074194006e+03
4.485468884199967761e+03
4.494022004983080478e+03
4.482137228492846589e+03
4.464568560242122658e+03
4.494377326305864699e+03
4.485075830646141185e+03
4.496919145996522275e+03
4.494338062230383002e+03
4.489165168107321733e+03
4.483848914316477021e+03
4.492632260349962962e+03
4.475040352143030759e+03
4.493260173544373174e+03
4.461127880057209040e+03
4.478715068923712352e+03
4.479827297066926803e+03
4.481920775723261613e+03
4.478451448668228295e+03
4.485836914549344328e+03
4.512355822310815711e+03
4.483615985685750275e+03
4.491082852656665636e+03
4.499720713695083759e+03
4.487951281409902549e+03
4.481416779083495385e+03
4.479317496226105504e+03
4.495739208971414882e+03
4.485762101959654501e+03
4.482892019489792801e+03
4.486795631661874722e+03
4.473615388295685079e+03
4.490073497772982591e+03
4.472306397532931442e+03
4.468687204933698013e+03
4.493551525533433050e+03
4.509049970771537119e+03
4.471212063258133639e+03
4.471396703195211558e+03
4.475888881171598769e+03
4.467792918975004795e+03
4.490752745834080088e+03
4.485063326214596600e+03
4.469011821644095107e+03
4.506498725525414557e+03
4.462804733235916501e+03
4.506789611453018551e+03
4.482389646074869233e+03
4.462035401819485742e+03
4.488795793775329003e+03
4.485051181106204240e+03
4.500960875469859275e+03
4.492388865477849322e+03
4.496510476580154318e+03
4.469366407071731373e+03
4.487423550460265687e+03
4.493907235525090073e+03
4.492852741110586066e+03
4.492312292473620801e+03
4.484901846211495467e+03
4.474367152151184200e+03
4.496570591944057924e+03
4.477116151515795536e+03
4.475297819396717387e+03
4.497332088503221712e+03
4.479963523452706795e+03
4.469438020494862030e+03
4.476090562297677934e+03
4.492759861391696177e+03
4.478033025788368832e+03
4.475544235964310246e+03
4.490127200254652962e+03
4.492391367717586945e+03
4.501254613227389200e+03
4.501573186848077967e+03
4.482845087054844043e+03
4.469165317107835108e+03
4.476563739037128471e+03
4.473520081102369659e+03
4.499137529721589999e+03
4.463201904429921342e+03
4.475809505107223231e+03
4.469250697784933436e+03
4.490682900247991711e+03
4.489541252686089138e+03
4.491628472870897895e+03
4.483994464709500789e+03
4.501983745913371422e+03
4.458999795892602378e+03
4.484643029038463283e+03
4.475121793672381500e+03
4.467384112976346842e+03
4.493563401876778698e+03
4.494895490173331382e+03
4.483504985931000192e+03
4.455776217400855785e+03
4.482916372855436748e+03
4.488550683783042587e+03
4.487225059679267360e+03
4.503414931237143719e+03
4.498666930886567570e+03
4.473293943886345915e+03
4.491135030883406216e+03
4.509509803554041355e+03
4.499586214509597994e+03
4.485309375399333476e+03
4.474083564735487926e+03
4.472359594088893573e+03
4.477746188403228189e+03
4.484577705247462291e+03
4.472928487465358558e+03
4.454589094495722748e+03
4.486788813532248241e+03
4.513167311392987358e+03
4.458799190299540896e+03
4.488259740042110025e+03
4.500343658231640802e+03
4.484723174627881235e+03
4.510019682262659444e+03
4.467459405506384428e+03
4.479111475650396642e+03
4.498345107814529911e+03
4.464288370822582692e+03
4.501670766168010232e+03
4.509231788960209087e+03
4.488978797411868072e+03
4.468568819594184788e+03
4.486742763635382289e+03
4.491752301914877535e+03
4.484731023475012989e+03
4.486547647221424086e+03
4.490420531737193414e+03
4.473967997463958454e+03
4.489416921299637579e+03
4.470704226638055843e+03
4.468235789406181539e+03
4.490649201176966926e+03
4.483939375236170235e+03
4.476713933015379553e+03
4.482476086596545429e+03
4.484280036400213248e+03
4.483437497764247382e+03
4.486594668922462006e+03
4.481325957102380016e+03
4.499887414185697708e+03
4.499435884366235769e+03
4.473570179782079322e+03
4.498591046924202601e+03
4.474529709753369389e+03
4.516313966110426918e+03
4.470976395828147361e+03
4.477176290407268425e+03
4.491356274564747764e+03
4.501892078452715396e+03
4.466510839217297871e+03
4.467487960805571674e+03
4.469994493844196768e+03
4.472935737935601537e+03
4.484371554529760033e+03
4.484752216728454187e+03
4.510448673024201526e+03
4.476413262791957095e+03
4.488340009562902196e+03
4.479074207975552781e+03
4.471802348144128700e+03
4.494073256861913251e+03
4.482161381639890351e+03
4.462320844554646101e+03
4.487652321567239596e+03
4.484447919565094708e+03
4.485315360002413399e+03
4.489959108901722175e+03
4.458627399522686574e+03
4.490410704939067728e+03
4.476917648070778341e+03
4.458727949276389154e+03
4.501759106916238125e+03
4.494218702326015773e+03
4.491276835715784728e+03
4.471183269123207538e+03
4.466308761553969816e+03
4.491682065180290010e+03
4.483977070035398356e+03
4.470165388898357378e+03
4.478744529118730497e+03
4.499184971469151606e+03
4.484755368632523641e+03
4.485022568579775907e+03
4.502370329504565234e+03
4.480757670492874240e+03
4.492284420957256771e+03
4.506487659967050604e+03
4.500063039662906704e+03
4.505464414869481516e+03
4.513039375557673338e+03
4.484012323878025200e+03
4.492159170324521256e+03
4.493794933109398698e+03
4.455171523870690180e+03
4.469031552504643514e+03
4.462909255304922226e+03
4.469591900293495200e+03
4.466802464985850747e+03
4.484230291314572241e+03
4.459074286574561484e+03
4.474875508694619384e+03
4.502150226696921891e+03
4.466931296807474610e+03
4.493143610592870573e+03
4.491833929609360894e+03
4.501191639934155319e+03
4.493419484732540695e+03
4.473243023495583657e+03
4.486408742720332157e+03
4.488023088599787116e+03
4.482264070897085730e+03
4.475617580401791201e+03
4.484529233168801511e+03
4.459597030429044935e+03
4.491469390975574242e+03
4.462491025460020865e+03
4.482377683761004846e+03
4.479195634422308103e+03
4.488101958727887904e+03
4.476670854191292165e+03
4.470231290536434244e+03
4.451099173606237855e+03
4.462741064353507682e+03
4.497812045488780313e+03
4.481496361587117462e+03
4.487030856667070111e+03
4.493216178231738922e+03
4.487593117145044744e+03
4.477608716724522310e+03
4.473980515526454838e+03
4.513642814401240685e+03
4.481882593155884024e+03
4.499211339278952437e+03
4.490300007768900286e+03
4.492727069627157107e+03
4.495661468167467319e+03
4.465272446603662502e+03
4.500021056941433017e+03
4.499368455630925382e+03
4.475108275949918607e+03
4.492071305409719571e+03
4.482106599240343712e+03
4.466441083961701224e+03
4.478579753604978578e+03
4.479553289884179321e+03
4.486199128388420831e+03
4.465535415686444139e+03
4.478263465525475112e+03
4.486540912561893492e+03
4.470309390725130470e+03
4.489548363399394475e+03
4.492307822336315439e+03
4.490003655404078017e+03
4.481097343645043111e+03
4.464586549989426203e+03
4.478528215484448083e+03
4.481523187960870018e+03
4.484457826414864940e+03
4.492681144583795685e+03
4.465914567009454913e+03
4.469422917554823471e+03
4.480087825327426799e+03
4.487553824949643058e+03
4.483881839669379588e+03
4.485058034448906255e+03
4.492015093439225893e+03
4.478380445096277072e+03
4.478651623515319443e+03
4.492758452993830360e+03
4.497219745011123450e+03
4.474294595787406251e+03
4.475524613516708996e+03
4.475293964241751382e+03
4.475185172392164532e+03
4.471852295083135687e+03
4.490107407950260495e+03
4.484708371507549600e+03
4.487740366564124997e+03
4.519307367138238078e+03
4.481033103112850768e+03
4.491943507209827658e+03
4.500389150950084513e+03
4.503814348874943789e+03
4.508802361974404448e+03
4.476014471260170467e+03
4.513222003362104260e+03
4.475518868471134738e+03
4.483993284071105336e+03
4.461664429701530935e+03
4.477455714870295196e+03
4.469980941706669000e+03
4.475043824876498547e+03
4.492035970716731754e+03
4.461714523222114622e+03
4.476034735308760901e+03
4.468091643922902222e+03
4.485021343998068005e+03
4.490016700982484508e+03
4.484492201530155398e+03
4.455309781448457215e+03
4.502563404605249161e+03
4.491815864777500792e+03
4.462931187184432929e+03
4.495149962139367744e+03
4.492169913105090927e+03
4.487110609727293195e+03
4.484152579738838540e+03
4.492131283984072979e+03
4.471171080981441264e+03
4.501705435163181392e+03
4.476352073776983161e+03
4.496532885888595047e+03
4.486747002194814741e+03
4.477647865294277835e+03
4.474631095427112996e+03
4.483307679495786033e+03
4.496475307176373462e+03
4.486472283395259183e+03
4.484403154249741419e+03
