4.437259151141645816e+03
4.460045348894198469e+03
4.467559726943780333e+03
4.454806870848700783e+03
4.477129618931860932e+03
4.478819812749115044e+03
4.500277286366565932e+03
4.521949492716623354e+03
4.501505639197004712e+03
4.459575893823148363e+03
4.478906761613059643e+03
4.490828625932965224e+03
4.483345623669371889e+03
4.514896365941201111e+03
4.476784125357681660e+03
4.494947611903841789e+03
4.501020361623666759e+03
4.489501878002758531e+03
4.449596593377221325e+03
4.473409171639544184e+03
4.500106923133262171e+03
4.504953329985261917e+03
4.468756176444254379e+03
4.478834533318577087e+03
4.452548510204682316e+03
4.524458530364327089e+03
4.472870787232125622e+03
4.463207811878386565e+03
4.401949468234720371e+03
4.489823026377302085e+03
4.483741736449452219e+03
4.490856477292286399e+03
4.497862251269430999e+03
4.484566059105083696e+03
4.442477458046549145e+03
4.488171028571781790e+03
4.503285743399399507e+03
4.479097122168947863e+03
4.524598962777710767e+03
4.556083933164416521e+03
4.435375802115418992e+03
4.518618630685176868e+03
4.485062093211371575e+03
4.492614296932909383e+03
4.486308270678004192e+03
4.485480190814719208e+03
4.505136447156632130e+03
4.503497101239167023e+03
4.481245554701480614e+03
4.521934402531330306e+03
4.455027311921614455e+03
4.473325078204648889e+03
4.501656255903512829e+03
4.496820047494909886e+03
4.482453058097008579e+03
4.477482480676810155e+03
4.486977823235076357e+03
4.496053138479229347e+03
4.489431590235432850e+03
4.523216539004079095e+03
4.502493672416308982e+03
4.460458515377925323e+03
4.507097364374295466e+03
4.505631558236794262e+03
4.465412885739551712e+03
4.509430406322177078e+03
4.458556983396970281e+03
4.489200696454613535e+03
4.517335862404782347e+03
4.489432721170510376e+03
4.458110511564684202e+03
4.474379566206497657e+03
4.515161430420833312e+03
4.513014155285151901e+03
4.485755579261542152e+03
4.466572406831838634e+03
4.465174094838636847e+03
4.471703006551955696e+03
4.452870255104507123e+03
4.499529941571736344e+03
4.491401371560766165e+03
4.459467790437633084e+03
4.431117566250203708e+03
4.496380702272739654e+03
4.480358978198145451e+03
4.480426711926099415e+03
4.475377359870495638e+03
4.513901156898707995e+03
4.489356772187432398e+03
4.488675251171177479e+03
4.471130215960251917e+03
4.455309331425180972e+03
4.498492119373765490e+03
4.461642457834546803e+03
4.452777474054465529e+03
4.473931633304162460e+03
4.474326197632427466e+03
4.483432443956354291e+03
4.474840012628659679e+03
4.425029481769513950e+03
4.472802111586133833e+03
4.467989674059352183e+03
4.483894500769439219e+03
4.473701701669230715e+03
4.507556830248055121e+03
4.458945021593818637e+03
4.525658826412674898e+03
4.455710910445211994e+03
4.456836312293004994e+03
4.505792828692179683e+03
4.483813958201173591e+03
4.484575630491341144e+03
4.477543734566027524e+03
4.504571492574147669e+03
4.452922268473740587e+03
4.488623453696054639e+03
4.502219450341747688e+03
4.472312352326672226e+03
4.467295051250017423e+03
4.473279358506530116e+03
4.507036779789550565e+03
4.495962520598566698e+03
4.487417383737003547e+03
4.469693159202646711e+03
4.460886166039848831e+03
4.485782792637957755e+03
4.471000556699365006e+03
4.472448657178467329e+03
4.491905906400913409e+03
4.467947808451795026e+03
4.462939341146415245e+03
4.466183005977510220e+03
4.496184204442782175e+03
4.461469243834385452e+03
4.492018305952788069e+03
4.465641800556943963e+03
4.478194031456380799e+03
4.483715367090665495e+03
4.433836075266397529e+03
4.434328415249927275e+03
4.498759322699092991e+03
4.500115377229963997e+03
4.491807085185994765e+03
4.452959479784924042e+03
4.528900341833325911e+03
4.480792790113736373e+03
4.517359140811098769e+03
4.459929373101138481e+03
4.497641583426422585e+03
4.487106011269310329e+03
4.476967026156626162e+03
4.461418938370834439e+03
4.488278999113861573e+03
4.464806895123803770e+03
4.510466599753398441e+03
4.463817867489188757e+03
4.510824775013315957e+03
4.455791177254531249e+03
4.484230429174323035e+03
4.475987256547298784e+03
4.469339205900399975e+03
4.480216174186197350e+03
4.518110662101820708e+03
4.493448882481865439e+03
4.476557367512288693e+03
4.474867945711805987e+03
4.493358561522749369e+03
4.483551721897534662e+03
4.500509409190005499e+03
4.478328718028742514e+03
4.485886749785393476e+03
4.476024315339818713e+03
4.468696735035179699e+03
4.504880265182559924e+03
4.513916609027864070e+03
4.485977468042143300e+03
4.515529055363105726e+03
4.469939323784426961e+03
4.459759453420851059e+03
4.459474358257045424e+03
4.502309061670834126e+03
4.485616753751111901e+03
4.466685605568355641e+03
4.505819951296470208e+03
4.512342813923064568e+03
4.480660110837508000e+03
4.476358093734754220e+03
4.489420827896544324e+03
4.482149841734414622e+03
4.443589354585330511e+03
4.428156424629773937e+03
4.474077510343768154e+03
4.474121511912166170e+03
4.482365063944866961e+03
4.477407101188207889e+03
4.452321205988501788e+03
4.487868549765547868e+03
4.468959549999634874e+03
4.491062461702964356e+03
4.454986170684971512e+03
4.508969326501302021e+03
4.499000939976423069e+03
4.480679909844553549e+03
4.484760449088018504e+03
4.411490342731994133e+03
4.481971713700241708e+03
4.479693742208552067e+03
4.465157109718999891e+03
4.499606624377915068e+03
4.484354621142181713e+03
4.501639303283526715e+03
4.493680303976928371e+03
4.460430840887806880e+03
4.479591084480914105e+03
4.475478203536747060e+03
4.473932267192285508e+03
4.486792644772905987e+03
4.485858177072771468e+03
4.500862806916802583e+03
4.539615220874648912e+03
4.456181938947714116e+03
4.486563800603333220e+03
4.472322755570024128e+03
4.478268392988750747e+03
4.460111408685326751e+03
4.540366029694111603e+03
4.479587858396315823e+03
4.499231375353782823e+03
4.454444110368003749e+03
4.486180545747817632e+03
4.471463772384373442e+03
4.495983424588001981e+03
4.471579131567780678e+03
4.501553394663279505e+03
4.509092042389347625e+03
4.489649438809854473e+03
4.515795988277996003e+03
4.464218147695774860e+03
4.519430249982468922e+03
4.467775890632665323e+03
4.529736330494855792e+03
4.479783242930074266e+03
4.435724358225856122e+03
4.469922250409709704e+03
4.493396146601428882e+03
4.480803250094512805e+03
4.529808653471765865e+03
4.526038333019756465e+03
4.472605226936178951e+03
4.493377440814337206e+03
4.484048247451645693e+03
4.489954798389769167e+03
4.479007879946996582e+03
4.494607577168196258e+03
4.466426847423272193e+03
4.495825537102078670e+03
4.502449018061699462e+03
4.512527067365120274e+03
4.480209584901552262e+03
4.493226355380756104e+03
4.486413617602672275e+03
4.446265528837962847e+03
4.485321402391900847e+03
4.481656723589439025e+03
4.501956837619076396e+03
4.454833668040209886e+03
4.493373857571074950e+03
4.502077590177401362e+03
4.470349539062505755e+03
4.450334571033289649e+03
4.510793914211730225e+03
4.505774468426076965e+03
4.518905341819373461e+03
4.498712817247414932e+03
4.465136325009026223e+03
4.523245978265807935e+03
4.503721450882321733e+03
4.473157681823198800e+03
4.488107188994185890e+03
4.461361130752358804e+03
4.515167579115112858e+03
4.489256493020010566e+03
4.465223032320848688e+03
4.492262110709381886e+03
4.500830825958619243e+03
4.510383721098165552e+03
4.458765186226758487e+03
4.465851377457750459e+03
4.500420859842011851e+03
4.489059490273998563e+03
4.491442083146811456e+03
4.489169850390004285e+03
4.449431300876907699e+03
4.509779831012349860e+03
4.446087399060744247e+03
4.493167901962883661e+03
4.428314801115645423e+03
4.487135171455833188e+03
4.481857828008448450e+03
4.489375470375263831e+03
4.475435368488286258e+03
4.489386811592645245e+03
4.503381815848102633e+03
4.466302835335137388e+03
4.469997152797188392e+03
4.458670976119932675e+03
4.478984056073688407e+03
4.484260966585767164e+03
4.496827274256048440e+03
4.502077637204266466e+03
4.480026262961792781e+03
4.496853381352740143e+03
4.489915979279866406e+03
4.481389946310326195e+03
4.486896775790974971e+03
4.482987843213801170e+03
4.461588074796537512e+03
4.473750429111462836e+03
4.504176759693472377e+03
4.495302048440482395e+03
4.491498268446172915e+03
4.447493917289974888e+03
4.456978596814611592e+03
4.511203307521687748e+03
4.510723934545683733e+03
4.518073630332608445e+03
4.525506558224770743e+03
4.475440141242383106e+03
4.499666412100471462e+03
4.511057101119561594e+03
4.472260054868906991e+03
4.475779110130127265e+03
4.462197238333791574e+03
4.479315296563340780e+03
4.514862418487100513e+03
4.505499269833800099e+03
4.468348641777403827e+03
4.493261483156596114e+03
4.492837219828928937e+03
4.476280528084581420e+03
4.494431214678633296e+03
4.489369615064254504e+03
4.492177918999686881e+03
4.445428584066372423e+03
4.432686263657070413e+03
4.510157078335328151e+03
4.497076385316860978e+03
4.479279897456369326e+03
4.454204045336402487e+03
4.471962864188136336e+03
4.482398603086351613e+03
4.441100976373777485e+03
4.482728713839091142e+03
4.450455374615831715e+03
4.486218422110142455e+03
4.452529335948445805e+03
4.467699319958635897e+03
4.480599506396168181e+03
4.475872575664900069e+03
4.494921401887893808e+03
4.476823073720364846e+03
4.482578809725181600e+03
4.466593807968288274e+03
4.478237972940893997e+03
4.507841207219325952e+03
4.508866647524947439e+03
4.490137135272088926e+03
4.480631527531325446e+03
4.499404947664307656e+03
4.447164019712772642e+03
4.452181617710616592e+03
4.519595083736792731e+03
4.462819662292746216e+03
4.477118327292795584e+03
4.493322391388441247e+03
4.471280135448221699e+03
4.474304989437723634e+03
4.473084644628928800e+03
4.483077423375484614e+03
4.507357289792218580e+03
4.501762726867318634e+03
4.466934782801599795e+03
4.483000218823816795e+03
4.477791279798312644e+03
4.519480207299332505e+03
4.486914919066005496e+03
4.530890007229727416e+03
4.501907392195968896e+03
4.428281054810507158e+03
4.434901608662392391e+03
4.490818281068144643e+03
4.449760316654124836e+03
4.504167047304821608e+03
4.466091124830430999e+03
4.484735602770169862e+03
4.504095897415864783e+03
4.484264389906055840e+03
4.507032657547982126e+03
4.483764363376705660e+03
4.461539347541571260e+03
4.476855162882565310e+03
4.445986258143429041e+03
4.488886816606558568e+03
4.483341428716891642e+03
4.521501997863583711e+03
4.502261776337943957e+03
4.451008221877840697e+03
4.464193120865973469e+03
4.474950470658231097e+03
4.465399758492105320e+03
4.523963361694111882e+03
4.511774227954777416e+03
4.490276139314564716e+03
4.475848395261347832e+03
4.470634567710847477e+03
4.487303131963245505e+03
4.438642187080638905e+03
4.467265182515762717e+03
4.464846507585250038e+03
4.504614407956952164e+03
4.469253329106715682e+03
4.515735251810420777e+03
4.482260921471686743e+03
4.467575248810662742e+03
4.433520035254333379e+03
4.482272420340613280e+03
4.450738757028248983e+03
4.505885230493964627e+03
4.473018742466008916e+03
4.465531538160014861e+03
4.477148205666934700e+03
4.456742965902049036e+03
4.464642680391065369e+03
4.487735167659930994e+03
4.504821508991132760e+03
4.506285914073624554e+03
4.487880709175456104e+03
4.475475892485187615e+03
4.506378974811267653e+03
4.487582111593857007e+03
4.499834624707597868e+03
4.461020529130270916e+03
4.477271047790016382e+03
4.456341555775680717e+03
4.489250411041463849e+03
4.475085792721869439e+03
4.454264540631995260e+03
4.488614612913315796e+03
4.455137978230633962e+03
4.461712360180752512e+03
4.477297377599326865e+03
4.443976635879903370e+03
4.501877729660828663e+03
4.487069277933133890e+03
4.470069792833057363e+03
4.482110835593816773e+03
4.473193613643707977e+03
4.446983599830346975e+03
4.521985731373513772e+03
4.461072878054532339e+03
4.504284930346173496e+03
4.516897703147685206e+03
4.460741169389261813e+03
4.477794012757944984e+03
4.508174543684328455e+03
4.465650686591566227e+03
4.490203272882596139e+03
4.484834566480622016e+03
4.461893852768295801e+03
4.490628149197683342e+03
4.473680851203811471e+03
4.481067170744157011e+03
4.497299340557517098e+03
4.487045936682506181e+03
4.468435758594713661e+03
4.457611590105479081e+03
4.501697038519473608e+03
4.482071391216966731e+03
4.542448849204620274e+03
4.476409719387450423e+03
4.475656484504727814e+03
4.504061536451752545e+03
4.468296067511911133e+03
4.511000898637342289e+03
4.506784509349866312e+03
4.440799971674073277e+03
4.508068352128932929e+03
4.521942523586292737e+03
4.477955729912380775e+03
4.502236167746347746e+03
4.464587294732879855e+03
4.485093009815110236e+03
4.501056493004755794e+03
4.500128141607615362e+03
4.492657267226736622e+03
4.488539579974129992e+03
4.500813657619854894e+03
4.467333139849436520e+03
4.512392737728852808e+03
4.494557242082696575e+03
