4.484501600772127858e+03
4.484190758791063672e+03
4.484078645192517797e+03
4.484514389384410606e+03
4.485391106076031974e+03
4.492407211648158409e+03
4.484595797593533462e+03
4.484458036558581625e+03
4.484453104608301146e+03
4.484638309588602169e+03
4.491820610264853713e+03
4.484400414986427677e+03
4.484859384794028301e+03
4.484642909222972776e+03
4.484825240007294269e+03
4.483551554068177211e+03
4.484471277911569814e+03
4.485470136859439663e+03
4.484192536640915932e+03
4.483920790893428602e+03
4.476948167353579265e+03
4.484408809968099376e+03
4.484681827391307706e+03
4.484162809961204402e+03
4.484194880376463516e+03
4.484261146535878652e+03
4.483811049512191858e+03
4.485023585484941577e+03
4.484417284513993764e+03
4.483855327767409108e+03
4.484708391931026199e+03
4.477782372140402913e+03
4.476973746317733458e+03
4.483543878509886781e+03
4.485295511434628679e+03
4.483542569651312988e+03
4.476364958162788753e+03
4.484359908748268026e+03
4.484755665933376804e+03
4.484192791679739457e+03
4.484440573923549891e+03
4.485239191216795007e+03
4.483855753849332359e+03
4.484192976420136802e+03
4.484308244038091289e+03
4.484375497201475810e+03
4.483665087218420922e+03
4.483492299935572191e+03
4.484186210611870592e+03
4.484476092926242927e+03
4.484940297630588248e+03
4.491328990840915139e+03
4.484357873081580692e+03
4.484258686621510606e+03
4.484416153770626806e+03
4.483614028972922824e+03
4.483790381803390119e+03
4.477446754335145670e+03
4.483866505357953429e+03
4.484463438531497559e+03
4.484954797529275311e+03
4.484432674027110806e+03
4.484477393040016068e+03
4.485117522756981089e+03
4.484323840716796440e+03
4.492297048961938344e+03
4.484620117502460744e+03
4.483766498694006259e+03
4.483745220201931261e+03
4.484452078431345399e+03
4.484627956431664643e+03
4.484230313132688934e+03
4.483854472297524808e+03
4.484073509687440492e+03
4.483728457715871627e+03
4.485344340538060351e+03
4.491683628575574403e+03
4.484179900110831113e+03
4.483745223826736947e+03
4.484171098616921881e+03
4.476875757552728828e+03
4.485675431195299097e+03
4.484610791935048837e+03
4.492503499590343381e+03
4.484626939724885233e+03
4.484320010380868553e+03
4.485449180769372106e+03
4.484899874858891963e+03
4.483795481930892493e+03
4.483095340733241756e+03
4.484958447973987859e+03
4.491498465793804826e+03
4.475385602659313918e+03
4.483910289018436742e+03
4.477225685471319593e+03
4.482987830712778305e+03
4.484140633788970263e+03
4.476497655746374221e+03
4.491776771984069455e+03
4.485190879612337994e+03
4.484354835668879787e+03
4.484432122282056298e+03
4.483737716499908856e+03
4.476620236042499528e+03
4.484051472282797477e+03
4.484489650543911921e+03
4.484785688190641849e+03
4.484854159111626359e+03
4.477168622198008052e+03
4.491719261603726409e+03
4.484097283694704856e+03
4.491622850149708938e+03
4.483421702913983609e+03
4.485098620031307291e+03
4.484171997267943880e+03
4.483778238461605724e+03
4.484494812844193802e+03
4.476614402363528825e+03
4.483944079810437870e+03
4.484486200028332860e+03
4.484627501435351405e+03
4.476420691061363868e+03
4.485446627165331847e+03
4.485381782005885725e+03
4.484844727754313681e+03
4.476578369276149715e+03
4.484351491734028968e+03
4.484052468458067779e+03
4.484022847474889204e+03
4.483354127604493442e+03
4.484482100171576349e+03
4.484625477561483422e+03
4.477618840031713262e+03
4.484140123118143492e+03
4.484704033784821149e+03
4.484985875053705058e+03
4.484522824744620266e+03
4.477460563113119861e+03
4.485039791343067918e+03
4.485545851709795897e+03
4.476386455228298473e+03
4.484001514639428933e+03
4.477590535840251505e+03
4.476534292647414986e+03
4.484396224831240033e+03
4.484956204202393565e+03
4.484873674911410490e+03
4.485987156301935102e+03
4.484377982657691973e+03
4.483880086281115837e+03
4.484543183969767597e+03
4.492310133634926387e+03
4.485997326540529684e+03
4.484002843101145118e+03
4.476418547316719923e+03
4.484247204023797167e+03
4.484566232055880391e+03
4.483841378003918180e+03
4.484579231060506572e+03
4.477173055305295748e+03
4.493154991062134286e+03
4.484086511894496653e+03
4.484144973707236204e+03
4.484834127645863191e+03
4.483378537636325746e+03
4.484567499912422136e+03
4.484968913565337061e+03
4.484202566195112922e+03
4.484163732676767722e+03
4.484036698707726828e+03
4.483835243960920707e+03
4.483378506796826514e+03
4.484939850733521780e+03
4.484340032549664102e+03
4.477289524009469460e+03
4.484295996963767720e+03
4.485012697776674031e+03
4.483546190985766771e+03
4.484590771804515498e+03
4.483660434835801425e+03
4.484347738605674749e+03
4.485230215958416011e+03
4.484172736834179887e+03
4.484899075253963019e+03
4.484173719801618063e+03
4.484517937367872037e+03
4.484052924653575246e+03
4.484500832084643662e+03
4.484027247251204244e+03
4.485986419846717581e+03
4.492064720862340437e+03
4.484674662297677969e+03
4.484263810536320307e+03
4.484988410368811856e+03
4.484508848208600284e+03
4.484968724225411279e+03
4.484483840599577888e+03
4.484407001260337893e+03
4.484234253640786847e+03
4.483783996265222413e+03
4.484357935897085554e+03
4.483392979909073802e+03
4.485040447139836033e+03
4.484601328585090414e+03
4.483465086043145675e+03
4.484692617454124047e+03
4.484713623784299671e+03
4.475820998897515892e+03
4.492925594012785041e+03
4.492029708574057622e+03
4.475500254571409641e+03
4.484219236223627377e+03
4.484526703100604209e+03
4.484036233517248547e+03
4.484490465302878874e+03
4.476126173793252747e+03
4.483028615424943382e+03
4.484038844501264066e+03
4.476791642744553428e+03
4.483707664417114756e+03
4.492380260335696221e+03
4.483861750125345679e+03
4.483891639426216898e+03
4.483639658075869193e+03
4.483907552243041209e+03
4.476947249548754371e+03
4.484807976043007329e+03
4.483369461350097481e+03
4.491419362324704707e+03
4.484638855295964277e+03
4.483942905982607954e+03
4.484441023468328240e+03
4.485004825445347706e+03
4.484732379846629556e+03
4.485227999762204490e+03
4.483945656707001945e+03
4.483604611762615605e+03
4.485799523595121173e+03
4.476892772047241124e+03
4.483247234399733316e+03
4.483976721814939992e+03
4.484015770225957567e+03
4.476917438036820386e+03
4.484008881483976438e+03
4.484194093972240807e+03
4.484507441088776432e+03
4.484949266718641411e+03
4.484210305856631749e+03
4.484971202358296068e+03
4.485579703560384587e+03
4.484704672689481413e+03
4.483723423262471442e+03
4.492500422796072598e+03
4.483963912554757371e+03
4.484613510463022976e+03
4.484413658422021399e+03
4.477256865087509141e+03
4.484141335690616870e+03
4.483829067006212426e+03
4.484017785702168112e+03
4.484956315011050719e+03
4.484079274602492660e+03
4.483192254738254633e+03
4.484625298173798910e+03
4.484765279536265552e+03
4.484572995093808458e+03
4.483582740149273377e+03
4.484384421390999705e+03
4.484170436756157869e+03
4.483828660805960681e+03
4.485799359238842044e+03
4.483709328780354554e+03
4.484678383989209578e+03
4.492726003664317432e+03
4.478304486269546942e+03
4.475491469247605892e+03
4.483969790496073983e+03
4.484634414271044079e+03
4.483730095895724844e+03
4.476111372819132157e+03
4.484778482699766755e+03
4.483558992101385229e+03
4.477098885663746842e+03
4.484872073666590040e+03
4.484276247181797771e+03
4.477005750978344622e+03
4.476932192525700884e+03
4.484438781229418964e+03
4.484735185938107861e+03
4.492794100197891566e+03
4.483965859397448185e+03
4.484462054006969993e+03
4.484648409746287143e+03
4.484326994896964607e+03
4.484394763911800510e+03
4.485055413402409613e+03
4.483935764641340029e+03
4.492073521509077182e+03
4.484899867349402484e+03
4.476877541089814258e+03
4.483843757775345694e+03
4.484659381922378088e+03
4.484186268269403627e+03
4.484614769748784056e+03
4.476708330721149650e+03
4.483698331124575816e+03
4.484647552660202564e+03
4.484245652010327831e+03
4.484763736939926275e+03
4.484719630056959431e+03
4.483943373670186702e+03
4.484613518013549765e+03
4.484065531182303857e+03
4.484010601081883578e+03
4.484433468339415413e+03
4.483841590690558405e+03
4.492361617835370453e+03
4.484074306444362264e+03
4.484536989144478866e+03
4.493276724552947599e+03
4.492570768539634628e+03
4.484682438859289505e+03
4.484945790629278235e+03
4.484230622872257300e+03
4.484569451928259696e+03
4.483922638467963225e+03
4.485652876272169124e+03
4.492370873547392875e+03
4.483832472543128461e+03
4.484770497195642747e+03
4.484690525855876331e+03
4.484322342402703725e+03
4.483901934009078104e+03
4.485198591420293269e+03
4.484079060161113375e+03
4.484033345528787322e+03
4.484473325903211844e+03
4.485353248177262685e+03
4.484043825777702295e+03
4.484400890766378325e+03
4.483723278674815447e+03
4.491718914434912222e+03
4.483384628130432247e+03
4.491159093792540261e+03
4.484995363271663336e+03
4.485613012622450697e+03
4.483709309900601511e+03
4.485098255961522227e+03
4.483688520745029564e+03
4.484205909266917843e+03
4.484440552824670704e+03
4.484625641510469904e+03
4.484044987673938522e+03
4.484401000401503552e+03
4.483893390120930235e+03
4.484418633535642584e+03
4.484091016659962406e+03
4.491978062526578469e+03
4.476283536899193678e+03
4.484333255481134984e+03
4.484002586981278000e+03
4.485201180394195944e+03
4.484895627490504921e+03
4.484128587720378164e+03
4.484440369425664358e+03
4.492234491338627777e+03
4.483851215792444236e+03
4.482943002147824700e+03
4.492704658438067781e+03
4.483059086511611895e+03
4.484774404518044321e+03
4.484438520589385007e+03
4.485305702024988022e+03
4.484076298636083266e+03
4.484787914261943115e+03
4.484193351588147380e+03
4.483841447078629244e+03
4.484498309252467152e+03
4.485110136153941312e+03
4.483814513178050220e+03
4.485490548184508043e+03
4.484593578069371688e+03
4.485109878459563333e+03
4.492419744027047273e+03
4.483722963089308905e+03
4.484072366157807664e+03
4.484451331934250447e+03
4.476627426616943012e+03
4.484544836146822490e+03
4.484179999953684273e+03
4.484569004988484267e+03
4.484725856961833415e+03
4.485005415824407464e+03
4.485056867921341109e+03
4.484608070239801236e+03
4.483911336799593300e+03
4.484541518939032358e+03
4.483531504818255598e+03
4.484360247225230523e+03
4.484056979846491231e+03
4.484430186191205394e+03
4.476644258210882072e+03
4.484619676483750482e+03
4.485454559421207705e+03
4.484795464430436368e+03
4.483761400360504922e+03
4.483593212116523318e+03
4.484860838953044549e+03
4.484115092362757423e+03
4.482960943911572940e+03
4.485368815632292353e+03
4.476555503635409877e+03
4.484472435654961373e+03
4.483289798892200452e+03
4.483386783042428760e+03
4.484309436445736537e+03
4.492121502653337302e+03
4.484022394842580979e+03
4.484151714962187725e+03
4.484930112451327659e+03
4.483860040937902340e+03
4.484501879429313703e+03
4.483896984454154335e+03
4.485184221698937108e+03
4.485004070470070474e+03
4.484380251974745079e+03
4.484530443968801592e+03
4.483495011853846336e+03
4.491260208861272076e+03
4.485011922354134185e+03
4.484825355584384852e+03
4.484263357816122152e+03
4.484153359504312903e+03
4.484113179366816439e+03
4.477021238300806544e+03
4.483946065272981286e+03
4.484447589901827087e+03
4.483460184452155772e+03
4.484486021653286116e+03
4.484724278406251869e+03
4.476625562106050893e+03
4.490809528642608711e+03
4.484981625309262199e+03
4.492160098472009850e+03
4.476588105043624637e+03
4.483477709054941442e+03
4.476838041626962877e+03
4.484757733668788205e+03
4.484333010375580670e+03
4.483973258990090471e+03
4.483840517038873259e+03
4.484418239490182714e+03
4.484649926293379394e+03
4.476760606666726744e+03
4.484235137390947784e+03
4.484659037481944324e+03
4.484482962806216165e+03
4.484574159659108773e+03
4.485193865916648974e+03
4.483634145967214863e+03
4.484164978197751225e+03
4.484889584344118703e+03
4.476534596488153511e+03
4.485025039984090654e+03
4.484026456649229658e+03
4.477825926348012217e+03
4.483716809852762708e+03
4.484746922524712318e+03
4.484513820906776346e+03
4.485008681390169841e+03
4.484608740634264905e+03
4.484525734124804330e+03
4.484619264734829812e+03
4.484402925372635764e+03
4.484154723782654401e+03
4.483912065459933729e+03
4.476092999701591907e+03
4.484627613410336380e+03
4.476557211140544496e+03
4.484768951798828311e+03
4.483690866102059772e+03
4.484341138846027206e+03
4.477128610821244365e+03
4.484604673087533229e+03
4.484920779459983351e+03
4.484934205008848949e+03
4.483508905860734558e+03
4.484473111788578535e+03
4.492396148335659745e+03
4.484543177250700865e+03
4.484142697307293020e+03
4.484088375470324536e+03
4.484834807706183710e+03
4.485179980552046800e+03
4.483916752698706659e+03
4.484746123539812288e+03
4.485530794700191109e+03
4.492106334897052875e+03
4.485063093363642110e+03
4.484805181447375617e+03
