4.483506440306861805e+03
4.484028296001652961e+03
4.469256191675895934e+03
4.483685645548561297e+03
4.483993279623156923e+03
4.491749849959770472e+03
4.484079891989705175e+03
4.483578818033306561e+03
4.492995566292906915e+03
4.483584553515428524e+03
4.484906307079992985e+03
4.483509433360231014e+03
4.485014829775728685e+03
4.484170505604522987e+03
4.483212350176819200e+03
4.484342315244466590e+03
4.485033003257659402e+03
4.475933095231451261e+03
4.483717564027065237e+03
4.492594502086691136e+03
4.476886245236482864e+03
4.484276170805810580e+03
4.476932770538048317e+03
4.483618879160216238e+03
4.485681302040766241e+03
4.491654499598377697e+03
4.484368544375275633e+03
4.484928193829898191e+03
4.484616230378393084e+03
4.484353345266944416e+03
4.483495772423353628e+03
4.482975476531992172e+03
4.484866039591358458e+03
4.485325665906057111e+03
4.485809912520220678e+03
4.484626501262477177e+03
4.476169417862185583e+03
4.485954721525944478e+03
4.484658153068086904e+03
4.484693385039918212e+03
4.483947878285628576e+03
4.486276289369710867e+03
4.484489757385933444e+03
4.476920102411568223e+03
4.484540582070433629e+03
4.483409025421988190e+03
4.484043232729396550e+03
4.485130456088567371e+03
4.483846467313251196e+03
4.476291823000145996e+03
4.492623326642289612e+03
4.484380832609345816e+03
4.485809484329964107e+03
4.484304712210451726e+03
4.485075169411062234e+03
4.492968552777436344e+03
4.484238900454606664e+03
4.484975027989001319e+03
4.484475612884680231e+03
4.477114422824482062e+03
4.484105508168270717e+03
4.482723586252369387e+03
4.483791843449880616e+03
4.485212762862614909e+03
4.484792583850787196e+03
4.484798521743451602e+03
4.484684613547765366e+03
4.492338158845964244e+03
4.477017580474055649e+03
4.484920274452741069e+03
4.484722272549257468e+03
4.476703648430435351e+03
4.485446797210880504e+03
4.485035060217755017e+03
4.485539360072189083e+03
4.484329540740980519e+03
4.484357581924921760e+03
4.483829166615941176e+03
4.483480201561334979e+03
4.484292825042437471e+03
4.484392379060950589e+03
4.485186474161517253e+03
4.476582985224092226e+03
4.483926556225075728e+03
4.490903818993934692e+03
4.475880628114504361e+03
4.484938650578290435e+03
4.484374751567266685e+03
4.484790097685786350e+03
4.483474449327139155e+03
4.474909711697742750e+03
4.484524542071324504e+03
4.476807106263962851e+03
4.492648562783300804e+03
4.484564196868805993e+03
4.475270763499116583e+03
4.491215714077774464e+03
4.477782174604552893e+03
4.477198212251520090e+03
4.485803040027073621e+03
4.484148025439244520e+03
4.485652212428891289e+03
4.484116812675029905e+03
4.483467413366015535e+03
4.486232212078586599e+03
4.484604009658171890e+03
4.492753377402292244e+03
4.476588909609265102e+03
4.492429837402650264e+03
4.484485114393170988e+03
4.483961288020629581e+03
4.484671467027807012e+03
4.484215192235556970e+03
4.484321794642046370e+03
4.492247864114919139e+03
4.476994554891844018e+03
4.483340899991618244e+03
4.485079730196360288e+03
4.484147180147893778e+03
4.475937959969713120e+03
4.484970459990257950e+03
4.483478192128742194e+03
4.484100718872790821e+03
4.492587306165582049e+03
4.484494893180686631e+03
4.484184619551397191e+03
4.476535803353630399e+03
4.483954171232630870e+03
4.477178120858476177e+03
4.491544902380943313e+03
4.483119982787598929e+03
4.483998548743184983e+03
4.484913229378971664e+03
4.492928009567678600e+03
4.483682812094133624e+03
4.483980628094108397e+03
4.484876904139745420e+03
4.477218412918419745e+03
4.485151393014198220e+03
4.484590432874629187e+03
4.484509513656591480e+03
4.483839893488998314e+03
4.491487658313990323e+03
4.483399693352946997e+03
4.485500022396314307e+03
4.491330239800347044e+03
4.485098637936488558e+03
4.484444793305838175e+03
4.484137711481129372e+03
4.483895086418165192e+03
4.476592403517212915e+03
4.485063342074661705e+03
4.484279628085429977e+03
4.484252825867388310e+03
4.491800915091926072e+03
4.475237768178652004e+03
4.492048038285596704e+03
4.484339521957208490e+03
4.492463155882645879e+03
4.483382133883316783e+03
4.485025083663727855e+03
4.484455545374426947e+03
4.484574113219490755e+03
4.491588238143646777e+03
4.484993497738317274e+03
4.484444877535663181e+03
4.485151270778924300e+03
4.484114284300115287e+03
4.484438734789740010e+03
4.484303251732492754e+03
4.477228965669352874e+03
4.477159368403661574e+03
4.483108143272766938e+03
4.483734849351657431e+03
4.475543669178907294e+03
4.484298266671637975e+03
4.484066760671692464e+03
4.483304696453183169e+03
4.485593459431383053e+03
4.483377192734635173e+03
4.485688194574240697e+03
4.485711561359968982e+03
4.485185259554793447e+03
4.491753281597701971e+03
4.484064155175091400e+03
4.484965770480448555e+03
4.483506335837410006e+03
4.477199971219612053e+03
4.484683179355704851e+03
4.484173202182603745e+03
4.491680350285598252e+03
4.492985489930384574e+03
4.484585590545725609e+03
4.477554517631607268e+03
4.483669442449911912e+03
4.484144466079290396e+03
4.484963061003805706e+03
4.483380745486767410e+03
4.476038889755363016e+03
4.484069196875306261e+03
4.484255428341863990e+03
4.483865873939078483e+03
4.493411395733230165e+03
4.492830309139063502e+03
4.493031535749400064e+03
4.483860912252796879e+03
4.484743339052040938e+03
4.484216750347603920e+03
4.484107331703962700e+03
4.484611633685745801e+03
4.492031455312490834e+03
4.485005550971616685e+03
4.483557409828938034e+03
4.491557197019667910e+03
4.485891568696527429e+03
4.483474289008501728e+03
4.475623155527822746e+03
4.484825658715438294e+03
4.492069106457955058e+03
4.491910804762108455e+03
4.477448030059884331e+03
4.485557988142716567e+03
4.483723742138508896e+03
4.483943393580036172e+03
4.477114866458087818e+03
4.483958276344932528e+03
4.484256476873956672e+03
4.483634814089618885e+03
4.484922072674004994e+03
4.485059560093877735e+03
4.484428268651989129e+03
4.491255370050634156e+03
4.484403309334657024e+03
4.483861243015927357e+03
4.485139121277729828e+03
4.483391078201575510e+03
4.483956843151409885e+03
4.484764096934576628e+03
4.483920960178951646e+03
4.482988298522160221e+03
4.476314547484569630e+03
4.484418919735808231e+03
4.483375449306873634e+03
4.485393430866386552e+03
4.492083570772760140e+03
4.484440737955583245e+03
4.491713773244695403e+03
4.484665328884488190e+03
4.492081379174958784e+03
4.484645162568279375e+03
4.476399744229565840e+03
4.484195489976210411e+03
4.484505859256709300e+03
4.484878623332285315e+03
4.483994064624938801e+03
4.483677359272117428e+03
4.477290189266471316e+03
4.484501803454915716e+03
4.492113122377360924e+03
4.484266759167369855e+03
4.484511117751539132e+03
4.482977188019800451e+03
4.492739402647373936e+03
4.484490015888743073e+03
4.484376522564152765e+03
4.476348921582724870e+03
4.483552612491750551e+03
4.484182965579236225e+03
4.475623904732224219e+03
4.485278170274283184e+03
4.475884014804220897e+03
4.492052960122862714e+03
4.485102745539888019e+03
4.483738246643138154e+03
4.483121132407958612e+03
4.477903210881366249e+03
4.491678410952052218e+03
4.484448004200912692e+03
4.483585262832759327e+03
4.484884903641180244e+03
4.476508464810443911e+03
4.476667740848293761e+03
4.491852595704483065e+03
4.483043588546036517e+03
4.485054092009616397e+03
4.491561032863943183e+03
4.483608105677192725e+03
4.483634921132454110e+03
4.476760558072514868e+03
4.477903067201291378e+03
4.492165035069907390e+03
4.476687768060989583e+03
4.483992276930813205e+03
4.484906923560545692e+03
4.476400960054451389e+03
4.491953596232156997e+03
4.477239576005489653e+03
4.485114815007190373e+03
4.484396094925405123e+03
4.476087198395546693e+03
4.485545539655985522e+03
4.485363392693700916e+03
4.483009442418338949e+03
4.483032741810678999e+03
4.485219446423053341e+03
4.484658688433318275e+03
4.484132047604314721e+03
4.483165390948691311e+03
4.484227497007193051e+03
4.491508966499153757e+03
4.484269407291314565e+03
4.484607104931918002e+03
4.484422027646076458e+03
4.475718304128028649e+03
4.483146435868770823e+03
4.491495178272231897e+03
4.491708026892033558e+03
4.490883578973463045e+03
4.484643146144019738e+03
4.483244479228914315e+03
4.485451824004208902e+03
4.484545694438944338e+03
4.483629417002854098e+03
4.483370871825092763e+03
4.476526437359966621e+03
4.485034979062168532e+03
4.484893901435126281e+03
4.485149010610662117e+03
4.476041715329545696e+03
4.475660387588792219e+03
4.484252372353412284e+03
4.476067560068387138e+03
4.476947744392614368e+03
4.493463804538109798e+03
4.476103166490677722e+03
4.485243087957561329e+03
4.484641634965455523e+03
4.491594590967030854e+03
4.483996317145170906e+03
4.484349722469925837e+03
4.484273628339406969e+03
4.485277891033338165e+03
4.484364084895261840e+03
4.485327763807850715e+03
4.484479442490797737e+03
4.484595047852135394e+03
4.485272697125852574e+03
4.476760407946308078e+03
4.484227992605658983e+03
4.492572458455168089e+03
4.484363538717979282e+03
4.483940750211740124e+03
4.485013506755971321e+03
4.475984053585799302e+03
4.483812293963900629e+03
4.483942215265905361e+03
4.485132187268231064e+03
4.484791628153502643e+03
4.483188014417401973e+03
4.484530879877783264e+03
4.484596247405039321e+03
4.483727863306342442e+03
4.483323120288085192e+03
4.482229077889875953e+03
4.484671319199662321e+03
4.484692250631333991e+03
4.492137748593377182e+03
4.476763009107780817e+03
4.490569264359045519e+03
4.476847274183154695e+03
4.484934666523916349e+03
4.483970680699393597e+03
4.477336357459243118e+03
4.491176290501984113e+03
4.476759707682750559e+03
4.476480690841042815e+03
4.485832458598059020e+03
4.483738250697698277e+03
4.478521364058377003e+03
4.492640748566573166e+03
4.492368221554444972e+03
4.492300774489966898e+03
4.484206780139643342e+03
4.484119177951297388e+03
4.483227514862539465e+03
4.477400057887298317e+03
4.484810180935435710e+03
4.483124871561327382e+03
4.484191370459913742e+03
4.491742032530532924e+03
4.484556826669178918e+03
4.484589141655344974e+03
4.485422547121607749e+03
4.475716798125220521e+03
4.483840394186661797e+03
4.484244230181086095e+03
4.492199591135442461e+03
4.483622648622639645e+03
4.476446262272017520e+03
4.484980207092246019e+03
4.476349300249121370e+03
4.484589313073509402e+03
4.484974726191147965e+03
4.485186851892012783e+03
4.483314280842191692e+03
4.485297177557635223e+03
4.477900213742815140e+03
4.483967926723329583e+03
4.483404498965425773e+03
4.492833735443716250e+03
4.483300274968837584e+03
4.485560998113521237e+03
4.485107845915562393e+03
4.484368076685938831e+03
4.492783154509307678e+03
4.492168036854715865e+03
4.483883790211838459e+03
4.491315852739189722e+03
4.492969901479095824e+03
4.485306310360998395e+03
4.484876322775897279e+03
4.483032731047277593e+03
4.484215612925603637e+03
4.484555418666085643e+03
4.484202994989357649e+03
4.476576737132862945e+03
4.483380331525454494e+03
4.493534570038378661e+03
4.490717028303020015e+03
4.477162101490913301e+03
4.484332033589398634e+03
4.482998562365231919e+03
4.483425043023707985e+03
4.492138268181212879e+03
4.484692513559142753e+03
4.490977203979579826e+03
4.476450815011020495e+03
4.484751045143440933e+03
4.484637325846662861e+03
4.484177210624845429e+03
4.485034902094575955e+03
4.484563392343809937e+03
4.485206530182358620e+03
4.484802938887342862e+03
4.484014989154949944e+03
4.484063222714279618e+03
4.476746485626032154e+03
4.483943408636086133e+03
4.483787705586496486e+03
4.485939727781834335e+03
4.476996569228921544e+03
4.492365942618095687e+03
4.483296320880522217e+03
4.483543663905763424e+03
4.484832890331941599e+03
4.489993342305062470e+03
4.484098064783994232e+03
4.485378964127909967e+03
4.477991136922364603e+03
4.485835316307376161e+03
4.490666008038341715e+03
4.492443724472461327e+03
4.475675374894643937e+03
4.484387635105616937e+03
4.485358242770889774e+03
4.484219959169786307e+03
4.492494279708613249e+03
4.483955306627907703e+03
4.484789009894891933e+03
4.484953159130682252e+03
4.485450814648673258e+03
4.484373146263839772e+03
4.491723104504932962e+03
4.485209303318918501e+03
4.491680589356337805e+03
4.492700917523703538e+03
4.484872642938712488e+03
4.485361952564472631e+03
4.484148934318393913e+03
4.484324663048861112e+03
4.492753009498298525e+03
4.484237313299266134e+03
4.483833360444428763e+03
4.484580747267694278e+03
4.486614578399774473e+03
4.483857292385094297e+03
4.475792889913446743e+03
4.484104782001953026e+03
4.484506506920391985e+03
4.484893582550928841e+03
4.483446846234345685e+03
4.484030168950323969e+03
4.483128712678178999e+03
4.483805288361126259e+03
4.493102127939245293e+03
4.492763859595366739e+03
4.477224710171085462e+03
4.476792403743022078e+03
4.483943264494723735e+03
4.486230808086617799e+03
