4.489212115521640044e+03
4.495192631039463777e+03
4.501899514774654563e+03
4.452082501391062578e+03
4.448594607233831084e+03
4.535349490182460613e+03
4.453842435373142507e+03
4.536438626912809923e+03
4.474140803722921191e+03
4.407351299441706942e+03
4.448869229039004495e+03
4.499805474339881584e+03
4.550535524986848941e+03
4.569437112289883771e+03
4.427177566386324543e+03
4.493116626152762365e+03
4.501378573987090931e+03
4.459533897773195349e+03
4.549704980176469689e+03
4.543540827315099705e+03
4.459041511151468512e+03
4.483361747087539698e+03
4.525601469182372057e+03
4.495178194943554445e+03
4.455675104617073885e+03
4.474562249838725620e+03
4.513002694459473787e+03
4.446778530699149087e+03
4.515261455856812972e+03
4.476908358909007802e+03
4.426348504332568154e+03
4.434661377133538736e+03
4.478556493476137803e+03
4.433211975182948663e+03
4.516081408510871370e+03
4.488309855687294657e+03
4.474774717063591197e+03
4.517977270471640622e+03
4.486776199378146885e+03
4.516869794023075883e+03
4.503851468942915744e+03
4.501756455191389250e+03
4.570094764825577840e+03
4.440440488838794408e+03
4.477824888669542815e+03
4.478827560045166138e+03
4.491536847024553026e+03
4.512107928744281708e+03
4.470596000896533951e+03
4.516901021762057098e+03
4.503042618517943083e+03
4.516091444174462595e+03
4.522236139161297615e+03
4.480146361495169003e+03
4.496431061770621454e+03
4.473542727430363811e+03
4.462073888483323572e+03
4.477235289345483579e+03
4.429790391267512859e+03
4.540545006400895545e+03
4.430976688241840748e+03
4.363487456099252995e+03
4.512473095935695710e+03
4.436162104681277924e+03
4.467403593286519936e+03
4.500116484937509995e+03
4.428303246890624905e+03
4.487582245173406591e+03
4.464452804030969673e+03
4.474694173396713268e+03
4.450378682704345920e+03
4.448683177885301120e+03
4.504246116354721380e+03
4.539010078113821692e+03
4.452936560829610244e+03
4.564930046803153346e+03
4.531467102734730361e+03
4.421295748228717457e+03
4.467785949380611783e+03
4.522049930167997445e+03
4.477979934630422576e+03
4.528306107278527634e+03
4.436805949383815459e+03
4.420138255679798021e+03
4.466641177372219317e+03
4.470365189518010993e+03
4.426801988821516716e+03
4.448307196446558009e+03
4.444758053653610659e+03
4.582060659757683425e+03
4.482184998710816217e+03
4.482711725377974290e+03
4.529295576671171148e+03
4.468479969400957089e+03
4.482190959277133516e+03
4.453461722424618529e+03
4.445636399279562283e+03
4.501568896080515515e+03
4.499431997018958100e+03
4.513685638836613180e+03
4.498269312241987791e+03
4.437749606023086926e+03
4.360215377477241418e+03
4.542258697025099536e+03
4.497928518036706919e+03
4.594282917723891842e+03
4.505430687673024295e+03
4.509735177410377219e+03
4.494168798905976473e+03
4.515598330673352393e+03
4.466894292141126243e+03
4.501416433547945417e+03
4.400596796572242056e+03
4.478013309677812686e+03
4.441823226204306593e+03
4.470608862917740225e+03
4.398284850736555200e+03
4.461457126414765298e+03
4.517235176881031293e+03
4.410253436404693275e+03
4.465394817372535726e+03
4.503767772237770259e+03
4.477073636774800434e+03
4.521516548185631109e+03
4.545264058300142096e+03
4.493128148077516016e+03
4.498947831410046092e+03
4.462822843784491852e+03
4.435609159455673762e+03
4.499618348240458545e+03
4.445358467902502525e+03
4.507779864913464735e+03
4.479121635637678992e+03
4.506391287414896397e+03
4.476573724239577132e+03
4.458829603518730437e+03
4.528968652017639215e+03
4.440130366922519897e+03
4.433216708735619250e+03
4.434949051670476365e+03
4.464946235449527194e+03
4.542753507976569381e+03
4.504304036806808654e+03
4.409536635807296079e+03
4.524832008182261234e+03
4.510999817985452864e+03
4.505943911337903046e+03
4.465078611481462758e+03
4.490314902619394161e+03
4.463647161254301864e+03
4.437077693804607406e+03
4.510016523199044968e+03
4.513777576684281485e+03
4.527284159668054599e+03
4.503939524468376476e+03
4.482431566516504063e+03
4.464946842032190943e+03
4.489920677856993279e+03
4.485419682127968372e+03
4.563557219923669436e+03
4.451853297552567710e+03
4.548046561821147407e+03
4.558584689230224285e+03
4.449656042916562910e+03
4.480846449798144022e+03
4.516039630705180571e+03
4.539911321659437817e+03
4.505157329351043700e+03
4.500035848493203048e+03
4.466403670276894445e+03
4.454725024746836425e+03
4.501470012796950869e+03
4.378310050101269553e+03
4.436100680688547072e+03
4.461040906014024586e+03
4.469925046361775458e+03
4.449738249763527165e+03
4.578881186536043970e+03
4.479548512723758904e+03
4.511208878372343861e+03
4.497976094284897954e+03
4.451881120031078353e+03
4.493680930751726919e+03
4.513172581875900505e+03
4.468863021659453807e+03
4.505784990190814824e+03
4.488147411710790038e+03
4.518350816787551594e+03
4.497021710130336032e+03
4.398338056215336110e+03
4.450291440915002568e+03
4.508055845356824648e+03
4.453024651650274791e+03
4.509794331958510156e+03
4.481707961995663936e+03
4.449026340020616772e+03
4.523862438150918024e+03
4.461714408415894468e+03
4.465362110149031651e+03
4.481868647168381358e+03
4.476091629067390386e+03
4.465478539620468837e+03
4.511178474971080504e+03
4.465673890621666033e+03
4.433508208388993808e+03
4.439116038993340226e+03
4.418985190992976641e+03
4.459431894460974036e+03
4.493836195761490671e+03
4.487986122870582221e+03
4.556604517147361548e+03
4.466632826438066331e+03
4.418994862308953998e+03
4.502852544582786322e+03
4.489069001338443741e+03
4.538031903522977700e+03
4.484378938640838896e+03
4.514193277413373835e+03
4.449651008937823462e+03
4.481378872212447277e+03
4.485064977180343703e+03
4.403319468426339881e+03
4.480733832565157172e+03
4.464312983076075398e+03
4.412906433929470040e+03
4.537616923604024123e+03
4.547864062701113653e+03
4.494190142045443281e+03
4.550762462031980249e+03
4.511696012953853824e+03
4.385536439776775296e+03
4.437303927823037156e+03
4.474813382924932739e+03
4.536162819995591235e+03
4.516269197652676667e+03
4.465700434121345097e+03
4.472578077432297505e+03
4.493106628060411822e+03
4.501264016198881109e+03
4.455192197192589447e+03
4.397240450307739593e+03
4.503545229135159389e+03
4.455398536641973806e+03
4.491941764297816007e+03
4.508868508687043686e+03
4.491670884947141531e+03
4.372727075054552188e+03
4.424633421674301644e+03
4.484852766631574013e+03
4.478231337671521942e+03
4.452613889104850387e+03
4.448674513395564645e+03
4.479536407762532690e+03
4.469940992132970678e+03
4.503494510820432879e+03
4.461938981211214923e+03
4.516530250556160354e+03
4.412345669339222695e+03
4.515421351509628948e+03
4.472892269584061069e+03
4.427961098763391419e+03
4.503016654500944242e+03
4.517757821759535545e+03
4.465781214629468195e+03
4.459942017644193584e+03
4.525306025996714197e+03
4.460840576684896405e+03
4.477261245592326304e+03
4.404211205422912826e+03
4.496824355226585794e+03
4.480386225383147575e+03
4.501221934383913322e+03
4.401940944960365414e+03
4.512671984791527393e+03
4.470519279430009192e+03
4.511441741879568326e+03
4.454341151820203777e+03
4.507679127444417645e+03
4.449545293900379875e+03
4.470985312688999329e+03
4.460343764579964954e+03
4.458932042436110351e+03
4.514635769528314995e+03
4.413969287366840035e+03
4.476058651215670579e+03
4.456437570304174187e+03
4.527143368561387433e+03
4.538832611204475143e+03
4.533410756344458605e+03
4.462495209456735211e+03
4.541208062601790516e+03
4.392918106064447784e+03
4.545817943710126201e+03
4.417445038971510257e+03
4.563489007926455088e+03
4.447250780378054515e+03
4.527734750532943508e+03
4.482288475249485600e+03
4.461636698818709192e+03
4.579647182228869497e+03
4.531222488395029359e+03
4.455950488261460123e+03
4.472615972387689908e+03
4.507329128802100058e+03
4.512951360627865142e+03
4.494717924758888330e+03
4.513248212173193679e+03
4.557890526501569184e+03
4.500287973432753461e+03
4.438298451322649271e+03
4.469710062351649867e+03
4.488367337600486280e+03
4.468998824171218075e+03
4.510674069530968154e+03
4.503978609537073680e+03
4.509253558921789590e+03
4.503942436984701999e+03
4.444447268702206202e+03
4.459212791159622611e+03
4.525659675531364883e+03
4.521935044313298022e+03
4.548752943367449006e+03
4.521798223246896669e+03
4.452584242905435531e+03
4.489176137539267984e+03
4.463852843641609070e+03
4.488502044779354037e+03
4.494890537353373475e+03
4.476800797663211597e+03
4.444423358900754465e+03
4.462648723998741843e+03
4.497842655455611748e+03
4.488317499161094929e+03
4.543133873033881173e+03
4.474635829300069418e+03
4.491130696256084775e+03
4.425669928095390787e+03
4.452579919876515305e+03
4.507443173707578353e+03
4.494772356121785378e+03
4.502056682941729377e+03
4.466738489503453820e+03
4.534232249311950000e+03
4.437085970730922782e+03
4.495862617865506763e+03
4.505616835799390174e+03
4.474891490997248184e+03
4.507611174659972676e+03
4.468167764403309775e+03
4.575262474149694754e+03
4.543541823971024314e+03
4.559095708739164365e+03
4.424969194617904577e+03
4.459492960143823439e+03
4.468594905151025159e+03
4.451335979357603719e+03
4.541862485442511570e+03
4.458217824217353154e+03
4.495712211488445064e+03
4.447898010227344457e+03
4.491842863654243047e+03
4.495246700233163210e+03
4.562642563919232089e+03
4.479457767654140298e+03
4.517761330235865898e+03
4.491262794233820387e+03
4.448638974763905935e+03
4.549816541962010888e+03
4.418493080784652193e+03
4.478875670333566632e+03
4.479496170939375588e+03
4.405005418057847237e+03
4.472521336985117159e+03
4.464437379712608163e+03
4.481684070836924548e+03
4.472461653213355930e+03
4.489909930194549815e+03
4.507166680580033244e+03
4.457509341213050902e+03
4.571824846819694358e+03
4.448740431796780285e+03
4.504052758787406674e+03
4.500544099177413955e+03
4.419382575215441648e+03
4.564130546823630539e+03
4.471076891827899090e+03
4.532338214848807183e+03
4.440523774723929819e+03
4.490549505733185470e+03
4.491455564123864860e+03
4.477323091646088869e+03
4.514075085382904035e+03
4.436354706402682496e+03
4.421310338300535477e+03
4.472530633027045042e+03
4.552220929326443184e+03
4.565042189400141069e+03
4.450250619972660388e+03
4.518879350299582256e+03
4.440496975882431798e+03
4.535723099673044999e+03
4.409856611443006841e+03
4.446082811726484579e+03
4.496381911395012139e+03
4.504310144377949655e+03
4.453167262546061465e+03
4.505461457521111697e+03
4.436229087951934162e+03
4.481475436188810818e+03
4.530309536670808484e+03
4.449131214091778929e+03
4.537379534171119303e+03
4.538903529761690152e+03
4.447497901237558835e+03
4.502575927933790808e+03
4.482173972909738950e+03
4.488920762626458782e+03
4.429884782414685105e+03
4.467032504208263163e+03
4.559678160798480349e+03
4.426629599315664564e+03
4.525118247112339304e+03
4.440622945953405178e+03
4.421378108980367870e+03
4.429998713530804707e+03
4.484916805006077084e+03
4.474415385632602010e+03
4.522535080769011984e+03
4.503258566136310947e+03
4.425339562688408478e+03
4.525438536768986523e+03
4.462660086390161268e+03
4.515985636200472982e+03
4.465049342667835845e+03
4.514999520243355619e+03
4.507146835168596226e+03
4.515980609280876706e+03
4.530899069017514194e+03
4.532572750104697661e+03
4.532956934739999269e+03
4.561644213645661694e+03
4.497061013879681013e+03
4.488685579016391785e+03
4.429198849010704180e+03
4.451835337544480353e+03
4.376859921790100998e+03
4.453250522873643604e+03
4.411585458408028899e+03
4.412152680707727995e+03
4.443506069846425817e+03
4.572596095758482079e+03
4.502721891560698168e+03
4.409703777531869491e+03
4.459116721208576564e+03
4.465636580471474190e+03
4.535681810971127561e+03
4.417905890899947735e+03
4.507773130679245696e+03
4.552766804608653729e+03
4.524797279344274102e+03
4.490174855101352478e+03
4.529864691591835253e+03
4.452286161014312711e+03
4.477877975742461786e+03
4.404964109460041982e+03
4.543760069322832351e+03
4.488734736804976819e+03
4.573729887335466628e+03
4.557226099730271017e+03
4.496071914299785931e+03
4.434727013717178124e+03
4.526149897253578274e+03
4.444639146069041999e+03
4.444475672263477463e+03
4.471339518590024454e+03
4.487231463424079266e+03
4.509381094597256379e+03
4.462639704276088196e+03
4.479965547234947735e+03
4.522612797213915655e+03
4.591709050245683102e+03
4.407327509540247775e+03
4.492896191747571720e+03
4.461234642021968284e+03
4.509532484713657141e+03
4.531328749522682301e+03
4.508586894599087827e+03
4.515343835336328993e+03
4.534833535534615294e+03
4.473191591935166798e+03
4.465530922226296752e+03
4.497586215938867099e+03
4.546706859219453690e+03
4.532692566740203802e+03
4.501535960906440778e+03
4.514788073931077633e+03
4.515237261341317208e+03
4.491163724968797396e+03
4.484628784755514971e+03
4.512380102795546009e+03
