1.503045411843600077e+00
1.504984159591704618e+00
1.504134782724656283e+00
1.504441848184500552e+00
1.505333468422960008e+00
1.505142768296656941e+00
1.507325410758046713e+00
1.508375995445175199e+00
1.506031650428975244e+00
1.505037318766514920e+00
1.505132961977353689e+00
1.506081942117105887e+00
1.504632840923452397e+00
1.506839877148262730e+00
1.506518436594019850e+00
1.505618189344064550e+00
1.506086208238454516e+00
1.506231500617684294e+00
1.503900166973542563e+00
1.504612088119756663e+00
1.506188934380291666e+00
1.506798818010950169e+00
1.503999807401513511e+00
1.505141108045724652e+00
1.504697704266590108e+00
1.506928722245723495e+00
1.504672826579005473e+00
1.505765457998039736e+00
1.503707486017754835e+00
1.506195290855604441e+00
1.504588259515938997e+00
1.506078803501991414e+00
1.505290545989001139e+00
1.505639490255965773e+00
1.503578574444376592e+00
1.505233352675217295e+00
1.505831621135077070e+00
1.505111493947343115e+00
1.505753004470906653e+00
1.506897778014998135e+00
1.504384874052244969e+00
1.506422361894211637e+00
1.505583568079764012e+00
1.505880790674336556e+00
1.505443130371959093e+00
1.504392694353436477e+00
1.505623826211939686e+00
1.505807881477578380e+00
1.506014157998122771e+00
1.507211688070360101e+00
1.504416887686068183e+00
1.505763252024157506e+00
1.506014719589247486e+00
1.506558924742201766e+00
1.507027568001374274e+00
1.506439434644607944e+00
1.505367707502997199e+00
1.506645330439464026e+00
1.505091491109275648e+00
1.505907576990470842e+00
1.505920606168389853e+00
1.504937383564344033e+00
1.505403842842084172e+00
1.506722530087320600e+00
1.505515705014418559e+00
1.506295655351534979e+00
1.505152734537047010e+00
1.506265463810106287e+00
1.507728017466998027e+00
1.506239298789333381e+00
1.504068036314160972e+00
1.505644057558613635e+00
1.506810122896867110e+00
1.505893609962933866e+00
1.506654282109011422e+00
1.504246219944246121e+00
1.504404129472944884e+00
1.504804621373030171e+00
1.504661237021196252e+00
1.505103266838882181e+00
1.506017406308417517e+00
1.505049561537746161e+00
1.502620717890272628e+00
1.506608421050025681e+00
1.504969233475100587e+00
1.504961599503855441e+00
1.505531323280294487e+00
1.505794199623024410e+00
1.505099908787206342e+00
1.505176598719956127e+00
1.504869291226916150e+00
1.505520960433911926e+00
1.506370638776467485e+00
1.505942904311228681e+00
1.503540201465783266e+00
1.505694682965708298e+00
1.505650088746584014e+00
1.505767338861496274e+00
1.504450737175980102e+00
1.504435702934622476e+00
1.504680575352931982e+00
1.505224162943110899e+00
1.505715220497713336e+00
1.505720673792318109e+00
1.505352325839193872e+00
1.505108773789539889e+00
1.506794274518785892e+00
1.505475399441294382e+00
1.504212148208730060e+00
1.506704393573662148e+00
1.505724304639706856e+00
1.504494432768908929e+00
1.505286731528326039e+00
1.506841777646277247e+00
1.504655342211074665e+00
1.505182428318400989e+00
1.505951420880936809e+00
1.505877778804289413e+00
1.505302720599003941e+00
1.504626731800793538e+00
1.505410636592267259e+00
1.506655542073987997e+00
1.505318204712378538e+00
1.505031612397704111e+00
1.504888976858081318e+00
1.505502339495044195e+00
1.506026203804414543e+00
1.505862361389590731e+00
1.505960569986258601e+00
1.505228896999425192e+00
1.504656702699813442e+00
1.505428537096195063e+00
1.506630561480855279e+00
1.504822991969466450e+00
1.505947909810485097e+00
1.504351301076439551e+00
1.506358965292008190e+00
1.506884823556930098e+00
1.503433780422005928e+00
1.504504009588173652e+00
1.506340562946927975e+00
1.506187983433517452e+00
1.505971701283146169e+00
1.504651125041108317e+00
1.507595751992641731e+00
1.506065288523985135e+00
1.507725401093421791e+00
1.503862465802543014e+00
1.505315337065125991e+00
1.506501800273789549e+00
1.504211071899042462e+00
1.504828684184201792e+00
1.506369428722225345e+00
1.504445613249702385e+00
1.506179343608452958e+00
1.505696336661873636e+00
1.507297364359275527e+00
1.505466293786229759e+00
1.505677335712345855e+00
1.505462439734293278e+00
1.505071608826417995e+00
1.506130420494049327e+00
1.506479298669114009e+00
1.505786831488768129e+00
1.506544094040112025e+00
1.505588872422942703e+00
1.505796998305215517e+00
1.505753883705709839e+00
1.506143665285253119e+00
1.505198162387212601e+00
1.505490624847714010e+00
1.505458254808930363e+00
1.505144223687699068e+00
1.506807037797818882e+00
1.506949888013903616e+00
1.505480402498490244e+00
1.506768861720183539e+00
1.505003799739265791e+00
1.505016531894930010e+00
1.503913876548048867e+00
1.505941350719458116e+00
1.505521051090429108e+00
1.505371665357644551e+00
1.506701343486683609e+00
1.507126699768913447e+00
1.507230456340603597e+00
1.506566643834608366e+00
1.506240639907242551e+00
1.505912068139970694e+00
1.504581383978250919e+00
1.504079495640096908e+00
1.505678194819688676e+00
1.505673221634758807e+00
1.505887776608146211e+00
1.505302150951071560e+00
1.505860235156188276e+00
1.505267405005336290e+00
1.505114516669832980e+00
1.506055591991355413e+00
1.504421545912546954e+00
1.506347428316302972e+00
1.506313370103482985e+00
1.506078037657407442e+00
1.505617573533100106e+00
1.503735030471810230e+00
1.505932174719824213e+00
1.505044221571849583e+00
1.505544662292332525e+00
1.506245216121115060e+00
1.505663331230379098e+00
1.507171914277030789e+00
1.505760783809180658e+00
1.503805818629988522e+00
1.505055795550626740e+00
1.505519932400990246e+00
1.505694611316467091e+00
1.505388564989027067e+00
1.505493844574639750e+00
1.504953687820606900e+00
1.506397670917514198e+00
1.504286189842280796e+00
1.505414343119375165e+00
1.505876602062375280e+00
1.506350557214312991e+00
1.504976680148917501e+00
1.507480553411020274e+00
1.505056159278892913e+00
1.505136785180010595e+00
1.505619151671465872e+00
1.505457520717573106e+00
1.505973782654079773e+00
1.505501701874159659e+00
1.505960729385720676e+00
1.506026282109353520e+00
1.505180268356453244e+00
1.506214862363444595e+00
1.506738906139863943e+00
1.505650993843173469e+00
1.507492726911815462e+00
1.505248337958922544e+00
1.506338076724388131e+00
1.506179333503189444e+00
1.505476058765850667e+00
1.506148275555940330e+00
1.505792767558725043e+00
1.504919165746962939e+00
1.507493969519158483e+00
1.506751780010021413e+00
1.505844652975067088e+00
1.505794873157898284e+00
1.505697880800858091e+00
1.505032633504087780e+00
1.506266958425608982e+00
1.505656441348138141e+00
1.505400943579178641e+00
1.506670979382907838e+00
1.507080705116767838e+00
1.505948216763636438e+00
1.504986071753988242e+00
1.505811880589011054e+00
1.506579969312256129e+00
1.504277680184718635e+00
1.504410550759529341e+00
1.505967733809152387e+00
1.505980934553539763e+00
1.505574937266523916e+00
1.505795276504276359e+00
1.505967363376436108e+00
1.506099896472182564e+00
1.503816607623525314e+00
1.504989669521682671e+00
1.506706458308052721e+00
1.506390230898146054e+00
1.506345797243390017e+00
1.504408396141784898e+00
1.507064615250196971e+00
1.505782685021946676e+00
1.504640458414387760e+00
1.506388813150556727e+00
1.504835225448877711e+00
1.506809432729680820e+00
1.505111191501481649e+00
1.504398601357566534e+00
1.507072889310657526e+00
1.506107520167242475e+00
1.506188644693659651e+00
1.505129146340671742e+00
1.504327632491512690e+00
1.506153624063097940e+00
1.505133358347784611e+00
1.504865398276800992e+00
1.505120940333345203e+00
1.505051288418150390e+00
1.506256426784036151e+00
1.503169700576953538e+00
1.506970666959290384e+00
1.504061467486565995e+00
1.506498508711042739e+00
1.505945030646524740e+00
1.506245754609888188e+00
1.505524770806423440e+00
1.506244475717382070e+00
1.506975672104111652e+00
1.505414976623661083e+00
1.504997266430589731e+00
1.505139819537032686e+00
1.506269651277319266e+00
1.505673892095443556e+00
1.506558110661488925e+00
1.505967358091307551e+00
1.505006735701204912e+00
1.505403908019693482e+00
1.505036999937088948e+00
1.505997854083656939e+00
1.506525419748841799e+00
1.504673114904564013e+00
1.505949071333314793e+00
1.504573596333453223e+00
1.505731557518453334e+00
1.505578323377781746e+00
1.506006489792880654e+00
1.504138399751632660e+00
1.504196051747250795e+00
1.506096681349812894e+00
1.506150466302251356e+00
1.506483449957037646e+00
1.506811326454260858e+00
1.505524231698459836e+00
1.506238489567243155e+00
1.506113084284479653e+00
1.505883694408803652e+00
1.506632172935624014e+00
1.504740631566799935e+00
1.505086891438478069e+00
1.506843688100152789e+00
1.504434056386183105e+00
1.506326524694379554e+00
1.505807926212791248e+00
1.505855690185406992e+00
1.505429323457105228e+00
1.506828165614962245e+00
1.506246414886629692e+00
1.505929932809370264e+00
1.504372620989610443e+00
1.504690910265025217e+00
1.507372466126032595e+00
1.506530050380209262e+00
1.505090883067782492e+00
1.504510118612272240e+00
1.503638406814255646e+00
1.505883991348686113e+00
1.504864104260569491e+00
1.505846737756991738e+00
1.504935073397946521e+00
1.505453253227586607e+00
1.503568263608100475e+00
1.505256997271696262e+00
1.506087119125037121e+00
1.505475390701423777e+00
1.506772894195984591e+00
1.504227284827495126e+00
1.505863654025554332e+00
1.505382051774681207e+00
1.505208399505450600e+00
1.506474145356900607e+00
1.506358959204147308e+00
1.506159879811672653e+00
1.504938517039925205e+00
1.505117298656802660e+00
1.504175797526015268e+00
1.504739295067543114e+00
1.506312949955417313e+00
1.505809446477926139e+00
1.505334742913093216e+00
1.504654128644532518e+00
1.504852363245814173e+00
1.505652485526767670e+00
1.504648698259176243e+00
1.505807391217829139e+00
1.506528521269338450e+00
1.506002751860568312e+00
1.505343474412520699e+00
1.504671721722018907e+00
1.505258797818710859e+00
1.506325819450417214e+00
1.505374792490408620e+00
1.507372849714835539e+00
1.507141712152670232e+00
1.504065308754064745e+00
1.504438804449396372e+00
1.506083107906712737e+00
1.505013944869202147e+00
1.505732648033389021e+00
1.505438935306275372e+00
1.504476437254521404e+00
1.506895295932955570e+00
1.505673506060289490e+00
1.506565005471500740e+00
1.505729898445733461e+00
1.505954597118806859e+00
1.506510399296690839e+00
1.504309355941188642e+00
1.506300863795302813e+00
1.505777606322984852e+00
1.506099415754325710e+00
1.505946664405418467e+00
1.504872356827024804e+00
1.505653828586433596e+00
1.505579548589107697e+00
1.504378638881992858e+00
1.506984207934094266e+00
1.506032639817168839e+00
1.506144210782141002e+00
1.506624330382998700e+00
1.506067629695009513e+00
1.505331070680979488e+00
1.504013698566623480e+00
1.505306099120775620e+00
1.504441137769442882e+00
1.505682422893846129e+00
1.505081313787661301e+00
1.505588768056253413e+00
1.505899530587919255e+00
1.505271029003045102e+00
1.504595997657654394e+00
1.505898232747929555e+00
1.504902923742119647e+00
1.505539802168569530e+00
1.504656133381326644e+00
1.504363754461411684e+00
1.505331370547511316e+00
1.505358345653745822e+00
1.504464167344059300e+00
1.506430791439133055e+00
1.505659175057602051e+00
1.506648949126960346e+00
1.505266036039918598e+00
1.504379064337138860e+00
1.506638486375115660e+00
1.505299655751530130e+00
1.506219565383743131e+00
1.504873769924419236e+00
1.505317505856775595e+00
1.504268127366368279e+00
1.506259857355562115e+00
1.504423031796699117e+00
1.505639535260441697e+00
1.505183423326544201e+00
1.504404357893401656e+00
1.504795484431673103e+00
1.505314534217313316e+00
1.504537410990178126e+00
1.505989825758731859e+00
1.506505946744403523e+00
1.504989060066652007e+00
1.505916470904200333e+00
1.504636404789184256e+00
1.504196252590908500e+00
1.507205930734924593e+00
1.504867845430588824e+00
1.505719412347018560e+00
1.506615307638273782e+00
1.506045129586427000e+00
1.506404200301403540e+00
1.506436696429492184e+00
1.505488785742447932e+00
1.506152424424254566e+00
1.504465305325499713e+00
1.504774951303438524e+00
1.506104535316134641e+00
1.505723030802523121e+00
1.506034301594397107e+00
1.505353791381274897e+00
1.506508581547437275e+00
1.505173726347811325e+00
1.505259869938316619e+00
1.506010135406038231e+00
1.505920923211669482e+00
1.508419334776937237e+00
1.505414736527646458e+00
1.504358712722988267e+00
1.505744495181277065e+00
1.505189519451887392e+00
1.506119389938648245e+00
1.505438927308907715e+00
1.504898324776932306e+00
1.505294984478764420e+00
1.507210777157854231e+00
1.505240242506432846e+00
1.505949542215692771e+00
1.505609184924708632e+00
1.505580082995553681e+00
1.506082145726979293e+00
1.506186547657828445e+00
1.507028289167564816e+00
1.506340031592268591e+00
1.506109450712699083e+00
1.505298412374765915e+00
1.505963278360416879e+00
1.505662104255258704e+00
