1.505793654341936794e+00
1.505753029267033138e+00
1.505671095760163114e+00
1.505706068365447514e+00
1.505540967809705588e+00
1.505208285972826410e+00
1.505635476313164522e+00
1.505706667480828598e+00
1.505531369156868582e+00
1.505968746043366835e+00
1.505738069847371463e+00
1.505780332268267241e+00
1.506036192783581251e+00
1.505668194926979897e+00
1.505471507792286001e+00
1.505507603443468678e+00
1.505605204269505615e+00
1.505324885239236909e+00
1.505794745045372363e+00
1.505829389670890750e+00
1.505499848569243904e+00
1.505820185282549462e+00
1.505733856755749667e+00
1.505612054130063715e+00
1.505418755889545324e+00
1.505968256383037662e+00
1.505857104656251888e+00
1.505838214326639779e+00
1.505989421985631793e+00
1.506016829508925570e+00
1.505932731946428627e+00
1.505935887826604258e+00
1.505309795706093245e+00
1.506474924875484067e+00
1.505896800942853275e+00
1.505812225400955384e+00
1.505682111673699808e+00
1.505295042093639957e+00
1.505750541814709687e+00
1.505346889178491132e+00
1.505023758446759174e+00
1.506205277488310568e+00
1.505905319316209967e+00
1.505668554010951787e+00
1.505006775417996989e+00
1.504827507404935538e+00
1.505206207083513048e+00
1.505733190180825076e+00
1.505828545611247238e+00
1.506286450108672792e+00
1.505772913871788576e+00
1.505873559657130434e+00
1.505678842270228301e+00
1.505669724251557762e+00
1.506507316617737624e+00
1.505526199835006018e+00
1.505656336932400086e+00
1.506118542258250814e+00
1.505301732187729780e+00
1.505628947208301760e+00
1.505602297602424144e+00
1.505403340681070068e+00
1.505496220934376517e+00
1.505649358939642024e+00
1.505785824997526445e+00
1.505875852174999086e+00
1.506213226080415968e+00
1.506452000994299656e+00
1.505478749912975589e+00
1.505363943566029317e+00
1.505335564382120461e+00
1.505098740346458852e+00
1.505572712505323540e+00
1.505683057135454916e+00
1.506082138154216654e+00
1.505211380033282031e+00
1.505409188104730678e+00
1.505938590567525104e+00
1.505646642135648250e+00
1.505818264421227237e+00
1.505768277714014225e+00
1.505431052649450763e+00
1.505544984098795114e+00
1.505417089092726535e+00
1.505245220683429253e+00
1.505548484482215787e+00
1.505320309853433791e+00
1.505788145444087567e+00
1.505797247638084313e+00
1.505916531162920347e+00
1.505649711457010653e+00
1.505064747901425859e+00
1.505836299206597229e+00
1.505333833536959265e+00
1.506146801904204136e+00
1.505555884234316855e+00
1.506113885356683557e+00
1.505374258758354733e+00
1.505858891444833425e+00
1.505350376443537863e+00
1.505561643808488448e+00
1.505642988459961806e+00
1.505574410345832170e+00
1.505882058891904629e+00
1.505385141194018672e+00
1.506047360155474246e+00
1.505809634327352819e+00
1.505615639419756402e+00
1.505388934103459864e+00
1.505724936653943580e+00
1.505328087999630249e+00
1.505979678261737398e+00
1.505123545237966098e+00
1.505197425631561226e+00
1.506016940685096506e+00
1.505550074060386656e+00
1.505740608004699777e+00
1.505792246611108887e+00
1.505796189042514222e+00
1.505752900181492659e+00
1.505310793192785379e+00
1.506074981905946908e+00
1.505574812041024169e+00
1.505840369655380595e+00
1.505214623607239677e+00
1.505567527023721874e+00
1.505044763567827681e+00
1.505608802256054091e+00
1.505784612469496242e+00
1.505342812256968532e+00
1.505427579623797474e+00
1.505310318916049939e+00
1.506178642664413481e+00
1.505250317040245145e+00
1.505009097086979164e+00
1.505664457369556342e+00
1.505650679009598925e+00
1.505890841823242177e+00
1.505452556835467526e+00
1.506105248064499857e+00
1.505496046478458139e+00
1.505994253409556949e+00
1.505931059716245191e+00
1.505155796798985701e+00
1.505583970482527789e+00
1.505629198337058661e+00
1.504998705927090619e+00
1.506079707476082774e+00
1.505703302796963516e+00
1.505530091926137182e+00
1.505594965956014164e+00
1.505555980495235868e+00
1.505666837104582489e+00
1.505865735637780478e+00
1.505386276349777397e+00
1.505901430587744283e+00
1.505838635954142468e+00
1.505259202920748329e+00
1.505927538426115930e+00
1.505413078780516889e+00
1.505689040454897931e+00
1.505103326819905440e+00
1.505618869938505355e+00
1.505555311056977708e+00
1.505525183887288954e+00
1.505687294479523874e+00
1.505888107044262680e+00
1.505923604475678745e+00
1.505481302272019040e+00
1.505454113790563930e+00
1.505448296200063041e+00
1.506310001509374663e+00
1.505702864028896748e+00
1.506091658035066061e+00
1.505893905380129905e+00
1.504865709583619315e+00
1.505849768937086886e+00
1.505585932472316646e+00
1.505620324843869540e+00
1.505341034575818693e+00
1.505605020761063173e+00
1.505339216607497255e+00
1.505287528623916016e+00
1.505875195581914516e+00
1.505706812836392183e+00
1.505315346389374920e+00
1.506124559520553685e+00
1.505657187077386050e+00
1.505663227454394848e+00
1.506093617642455751e+00
1.505813238595508530e+00
1.505620073466367170e+00
1.505082627475882173e+00
1.505319745732646819e+00
1.505855397678074636e+00
1.505063495019662634e+00
1.505533591987922026e+00
1.505393993177911227e+00
1.506101124905994570e+00
1.505797889432100467e+00
1.505165687962631615e+00
1.505431431765073880e+00
1.505957119171294600e+00
1.505929383714893488e+00
1.505882758987688641e+00
1.505527157329238364e+00
1.505784867009588579e+00
1.505470244363056986e+00
1.505637702740354911e+00
1.505187788680399930e+00
1.506082016440485116e+00
1.505504028730595190e+00
1.505136088598026056e+00
1.505816505630687363e+00
1.505762767160912396e+00
1.505426282014925121e+00
1.505664602250377015e+00
1.506543156292009300e+00
1.505687757138017391e+00
1.505493936738446115e+00
1.505125880795977533e+00
1.505468424212015099e+00
1.505617104305965626e+00
1.506032303969971231e+00
1.505183558001546906e+00
1.505837798950808937e+00
1.505242684046661283e+00
1.505621794544291348e+00
1.505624749690399167e+00
1.505058757611701381e+00
1.505377208157829383e+00
1.506526518133946446e+00
1.505473897899088254e+00
1.505779295763481906e+00
1.505359763040256427e+00
1.506255748741203160e+00
1.505553873082389860e+00
1.505294598191123878e+00
1.505675694945004528e+00
1.505971566173198273e+00
1.505646765666503573e+00
1.505489730594520958e+00
1.506059096607154757e+00
1.505805603146023852e+00
1.505410983477213582e+00
1.506159222110569296e+00
1.505179973878171928e+00
1.505722919605732679e+00
1.505322183727962226e+00
1.506188920274127652e+00
1.505409227128190697e+00
1.505468722088759259e+00
1.505142274201402008e+00
1.505613807416076977e+00
1.506193989206944917e+00
1.505418272428464155e+00
1.505691701220393863e+00
1.505603253878321057e+00
1.505880360406144813e+00
1.505858454871763730e+00
1.505277650474935003e+00
1.505197647847563935e+00
1.506027310704773026e+00
1.505766900620640669e+00
1.505233614202655223e+00
1.505820409104325464e+00
1.505599490918676286e+00
1.506114859686497498e+00
1.505595311865049801e+00
1.506537770080250249e+00
1.505645739313056231e+00
1.505568954160549255e+00
1.505737122745131273e+00
1.505497596503184266e+00
1.505652723414796279e+00
1.505359460707084374e+00
1.505078267511426482e+00
1.505588724740130724e+00
1.505963586143465704e+00
1.505570831625223649e+00
1.505001923787382179e+00
1.505256419193787831e+00
1.505907058094658302e+00
1.505158555273152565e+00
1.505567811067320294e+00
1.505391531456818033e+00
1.505785658691407125e+00
1.505370114891137590e+00
1.506030294068469555e+00
1.505619950864975465e+00
1.505667271617662450e+00
1.505674620995377966e+00
1.505879856755045765e+00
1.505512643732633826e+00
1.505106309406117671e+00
1.505506239401485313e+00
1.505658370363793797e+00
1.505828719366664847e+00
1.505808076780241089e+00
1.506183544098782967e+00
1.505958279778628839e+00
1.505447138099659465e+00
1.505802054760508213e+00
1.505455521463583413e+00
1.505938774983898387e+00
1.505759430496024454e+00
1.505775346050780339e+00
1.505470598980039210e+00
1.505531108311341404e+00
1.506470307552524091e+00
1.505982434428450256e+00
1.505545407931935920e+00
1.505728741303192342e+00
1.506104381216402555e+00
1.505430898821786823e+00
1.505672979950554380e+00
1.505906376410337533e+00
1.505526056978341298e+00
1.505744155713870658e+00
1.505928302887525660e+00
1.505770780916520390e+00
1.505623480473429643e+00
1.505817145372749355e+00
1.505773492719635120e+00
1.505352963647470954e+00
1.506042961183969409e+00
1.505483584516325690e+00
1.505611308666072068e+00
1.505623227746519355e+00
1.506070799693629558e+00
1.506051773771144076e+00
1.505919275767930721e+00
1.505704110300692733e+00
1.505367807479789599e+00
1.504852034652359061e+00
1.505585371527334626e+00
1.505914827160323988e+00
1.505446603839375896e+00
1.505888030877728490e+00
1.505888811273211392e+00
1.505686635208345114e+00
1.505497243542805785e+00
1.505755037207481051e+00
1.505946700786005454e+00
1.504895970552779794e+00
1.505737665723565044e+00
1.505349712494419512e+00
1.505704300110146221e+00
1.505995073878269697e+00
1.505872191970506480e+00
1.505996570624435815e+00
1.505551909552211409e+00
1.505440033722070803e+00
1.505540007579193595e+00
1.505362404705510082e+00
1.506063047101591224e+00
1.505710273656586384e+00
1.505779588099816824e+00
1.505314700762154345e+00
1.506010170641613133e+00
1.505774257827760421e+00
1.505504234288445042e+00
1.506119088850361498e+00
1.505495068657827673e+00
1.505538925552831753e+00
1.506000487097286511e+00
1.505762198526976237e+00
1.505709464064501235e+00
1.505652587110519747e+00
1.505253622413942338e+00
1.505611201453116221e+00
1.505637183919792399e+00
1.505255933487972708e+00
1.505354588060324073e+00
1.505964503397359655e+00
1.505740584556831241e+00
1.505963065325013339e+00
1.505272482932976663e+00
1.504791283378367872e+00
1.506720305037311469e+00
1.505298243870686337e+00
1.505362788742023783e+00
1.504999511282531843e+00
1.505463353322273434e+00
1.505616329575078849e+00
1.505121210088602668e+00
1.505319888109858617e+00
1.505924044911967963e+00
1.505735831970066885e+00
1.505831729949845821e+00
1.505514879604540335e+00
1.505575554327714949e+00
1.505377282383901560e+00
1.505729260300501693e+00
1.505548867455687834e+00
1.505357248537313453e+00
1.505450347395784982e+00
1.505574214207210160e+00
1.505755550498098838e+00
1.505052103935305308e+00
1.505911899625946626e+00
1.505504755954059748e+00
1.506058536513255053e+00
1.505803447401754980e+00
1.505617563779465318e+00
1.505162705758102515e+00
1.505902749242156835e+00
1.505791586595289333e+00
1.505413679776619107e+00
1.505766868871716069e+00
1.505297433759122505e+00
1.505815782073546716e+00
1.505218047632927991e+00
1.506193631526132393e+00
1.505688598424512081e+00
1.505876178100709062e+00
1.505219579493151993e+00
1.505508058645297575e+00
1.505732207152739699e+00
1.505215816712252686e+00
1.505327714189812927e+00
1.505361408355383013e+00
1.505804479486437142e+00
1.505741713331510745e+00
1.505907918331687245e+00
1.505942824240874334e+00
1.506066888308941421e+00
1.505871214973989680e+00
1.505594684388514182e+00
1.505239235341436999e+00
1.505674967745922910e+00
1.505405629491676889e+00
1.505284795205955817e+00
1.506048415673826302e+00
1.506108062541740455e+00
1.505672531825282601e+00
1.505758268333114325e+00
1.505797645550604802e+00
1.505412928253561988e+00
1.505164911953329687e+00
1.505564048201148086e+00
1.505588868305206107e+00
1.505751899128993543e+00
1.506170577494243767e+00
1.505781295532901076e+00
1.505996824525390965e+00
1.505003996435768432e+00
1.505688271198487804e+00
1.505519536571836348e+00
1.505963560232014498e+00
1.505103378564943917e+00
1.505487289826992203e+00
1.505639011297654539e+00
1.505505251092351227e+00
1.505604117687757704e+00
1.505731889069705121e+00
1.505542993513822925e+00
1.505488268505656535e+00
1.506364707934107372e+00
1.505256085897290319e+00
1.505312446804478288e+00
1.505482025331269735e+00
1.505553701188597771e+00
1.505007969291970893e+00
1.505621573863952678e+00
1.505514915470536508e+00
1.505214334869389159e+00
1.506178373775943546e+00
1.506162974503773455e+00
1.505408168410400149e+00
1.505707785574793123e+00
1.506088946010716745e+00
1.504946136324396555e+00
1.505412759135342116e+00
1.505957265078792462e+00
1.505564416799450189e+00
1.505543549065424980e+00
1.505432959926595204e+00
1.505853914302781149e+00
1.505845554589776425e+00
1.505962108612151518e+00
1.505732290170980425e+00
1.505408274658215584e+00
1.505535915642315814e+00
1.505646965757327482e+00
1.505609592752819248e+00
1.505711661056585271e+00
1.505772948177388493e+00
1.505758156354048083e+00
1.505423969336010970e+00
1.505606396293134974e+00
1.505485692437424916e+00
1.505467995175889806e+00
1.505800742813753867e+00
1.505109878835407811e+00
1.505569519797848699e+00
1.506168108841729358e+00
1.505734375636428535e+00
1.505708510396161381e+00
1.505406370693867402e+00
