1.506264176038641267e+00
1.505590629650437329e+00
1.505987377226526425e+00
1.503618804383594076e+00
1.506283995531949582e+00
1.506873964109904485e+00
1.504551080071529379e+00
1.507919902579131666e+00
1.505671041249177833e+00
1.501977090142825766e+00
1.506252743405257499e+00
1.506222844744720124e+00
1.506346440498214312e+00
1.510128988258287119e+00
1.503068028966093816e+00
1.504677239612788320e+00
1.507201290738976462e+00
1.506182124603261396e+00
1.507608478403208219e+00
1.507125951545448039e+00
1.503962792366028589e+00
1.506924803514605227e+00
1.506800697602240779e+00
1.505592253335751751e+00
1.506620498603229885e+00
1.505623413551917089e+00
1.505894894685959384e+00
1.504219504274516339e+00
1.507961278449627240e+00
1.503082053884410296e+00
1.504285384433237116e+00
1.504466130573061555e+00
1.505172468452653733e+00
1.502383261768791112e+00
1.506706879804748489e+00
1.506365947495224011e+00
1.504458098081950856e+00
1.505337872714151315e+00
1.504247000157389103e+00
1.505461774845078260e+00
1.504618611070820622e+00
1.502569044201618631e+00
1.507688731688196615e+00
1.504939199613961165e+00
1.505255005536007662e+00
1.506287340993818669e+00
1.507154768089503882e+00
1.505995215293179701e+00
1.506071995425283694e+00
1.505458280319009301e+00
1.508174075466316433e+00
1.506705753800138270e+00
1.508343771526041488e+00
1.502718453934745790e+00
1.506602747095425965e+00
1.504597023131984290e+00
1.505893985516760569e+00
1.504180861007439862e+00
1.503893561542567925e+00
1.507460549821565632e+00
1.504885631933222445e+00
1.501475901891541564e+00
1.507112058244033381e+00
1.503169813111056907e+00
1.505290443538021883e+00
1.505037431883012200e+00
1.506323153894674416e+00
1.506448048984877497e+00
1.504485622564687208e+00
1.506755011242209230e+00
1.504943774777922627e+00
1.505136221524352669e+00
1.504574398027469062e+00
1.508804515175382166e+00
1.505790329928396343e+00
1.508263125844393482e+00
1.506144683311765320e+00
1.502617863352044836e+00
1.504109256300532271e+00
1.507198730016265920e+00
1.505237511543411344e+00
1.506497998879711808e+00
1.505352835338466644e+00
1.501634738997704499e+00
1.504238456328667040e+00
1.504955690959664638e+00
1.501992686330609672e+00
1.505178916831790392e+00
1.504448709986503818e+00
1.507540508089170173e+00
1.507057891046652109e+00
1.508153204481630816e+00
1.506387349384918917e+00
1.506311643871440564e+00
1.507057216744237760e+00
1.504594212614559279e+00
1.503220746007680297e+00
1.507179846746077523e+00
1.506264863993365566e+00
1.506975829189687532e+00
1.507551874810514558e+00
1.504115072713438028e+00
1.500756482080107812e+00
1.506102960674218005e+00
1.507590330454511740e+00
1.508555663630820609e+00
1.506745121854312641e+00
1.506261439533585156e+00
1.505705809999950073e+00
1.507923383280492358e+00
1.504209883859295660e+00
1.504891583855510806e+00
1.503862317481306832e+00
1.506379400714253025e+00
1.504782012291760340e+00
1.503790942422616128e+00
1.503011845665351398e+00
1.504824363080261795e+00
1.506577459407543174e+00
1.502759066388093423e+00
1.504379196995052403e+00
1.503483707602095043e+00
1.504199065338858610e+00
1.504942312717439501e+00
1.505768321757824157e+00
1.506975152487660896e+00
1.506319346962568861e+00
1.504669876239655535e+00
1.505489186662884560e+00
1.506243897087173433e+00
1.505514015902579050e+00
1.505327322158826808e+00
1.506254100827130848e+00
1.506637102110308435e+00
1.505396220029486143e+00
1.506262078580822950e+00
1.505265038306532244e+00
1.504974467207307987e+00
1.504630522779565549e+00
1.502186488786378060e+00
1.503296320433673783e+00
1.507213843188263791e+00
1.506871872807583612e+00
1.502840793342397063e+00
1.506886880552442909e+00
1.508441160318119811e+00
1.507846871704917824e+00
1.504414915889902948e+00
1.506139841417685199e+00
1.502314001391103604e+00
1.503065984230910646e+00
1.507388278441964324e+00
1.506965502968298898e+00
1.506612331093332813e+00
1.508072878647472415e+00
1.507029999008659527e+00
1.505568469900906647e+00
1.505036471429913369e+00
1.505543261688573997e+00
1.509598386363107947e+00
1.503644733217135654e+00
1.507793574841087114e+00
1.506619703178281977e+00
1.503893434625578784e+00
1.504914297836723147e+00
1.506711567341461500e+00
1.506364642794903119e+00
1.506775869503296672e+00
1.507352630000826199e+00
1.504265269895006973e+00
1.505587267393732054e+00
1.507190987908511692e+00
1.500874180002305325e+00
1.507709904343885743e+00
1.504871463791313646e+00
1.503868013197539488e+00
1.505016449305833337e+00
1.505541576754902078e+00
1.505060595389855482e+00
1.506096056375641812e+00
1.506428731560510048e+00
1.504773364482887121e+00
1.508070122915713185e+00
1.507033462145963787e+00
1.505125427244996761e+00
1.507864783701955869e+00
1.506384274900839371e+00
1.506452378807923154e+00
1.506536208817230715e+00
1.501895372877108059e+00
1.503821490375625736e+00
1.504147985448781810e+00
1.503512251057661508e+00
1.507413276750694475e+00
1.505961949188534321e+00
1.503964754310108010e+00
1.506995518322795879e+00
1.504795252695673158e+00
1.506665166923829569e+00
1.504799140051416018e+00
1.506596800078812803e+00
1.502107992788216162e+00
1.507257589595908387e+00
1.504347676838241110e+00
1.504597343722358538e+00
1.502834987311802095e+00
1.505125670412408745e+00
1.503918674938650835e+00
1.506895273612037345e+00
1.505254168365103284e+00
1.509191790974587999e+00
1.506521025306259087e+00
1.506254597489041336e+00
1.507035262697585809e+00
1.506280316040947698e+00
1.507741574855170352e+00
1.506809817775142113e+00
1.504609392649540078e+00
1.506163797504169510e+00
1.505999104473307648e+00
1.505583242981391789e+00
1.504669769739958252e+00
1.504926988180145031e+00
1.503367711841639975e+00
1.504694927379571112e+00
1.505458706688194148e+00
1.505479175062955477e+00
1.508012556360580403e+00
1.507490523058341525e+00
1.507199401927920235e+00
1.502251709010598679e+00
1.504165705508008877e+00
1.504453739172382676e+00
1.505620735556749912e+00
1.506685810633283662e+00
1.505483154639602805e+00
1.504705855109640389e+00
1.508135063737981785e+00
1.504908679994839682e+00
1.504398219374684320e+00
1.502020652204561824e+00
1.506957276249996536e+00
1.505510838980915533e+00
1.507109051618411355e+00
1.507517465865760187e+00
1.509460639050740571e+00
1.501513682079727463e+00
1.505609448765999003e+00
1.506756272945437125e+00
1.502933431175374590e+00
1.505826983508111505e+00
1.501754590141748391e+00
1.507357696387704005e+00
1.506146153359936957e+00
1.506962985598287563e+00
1.504769845965227004e+00
1.505499774423051385e+00
1.503637382189729754e+00
1.506780949398160763e+00
1.504670402742566360e+00
1.501861279414312023e+00
1.504712162335790415e+00
1.507680595583158034e+00
1.504335556089059223e+00
1.502731304016375224e+00
1.506833785046876262e+00
1.503759543208322169e+00
1.504177938094934941e+00
1.504567587377728666e+00
1.504261122298347297e+00
1.506111210524307964e+00
1.504913400373873777e+00
1.501484582906790211e+00
1.507089708084885515e+00
1.503801037748659253e+00
1.507227988385240192e+00
1.505630838655426462e+00
1.506492356328257287e+00
1.505038349495277927e+00
1.506027929121801279e+00
1.507235217357077106e+00
1.503975164871135917e+00
1.508031677135935000e+00
1.502335824258631547e+00
1.506600532486150668e+00
1.505392977399770960e+00
1.507792748662858617e+00
1.507652002796884272e+00
1.507090731078229107e+00
1.504706928867810767e+00
1.507386456131157626e+00
1.502514607708324457e+00
1.505706696391889476e+00
1.504176389871602071e+00
1.509606003500708393e+00
1.505298918862610247e+00
1.507726424221743633e+00
1.505896420693647375e+00
1.504804044858369938e+00
1.508991683911298898e+00
1.508504597013045290e+00
1.504312383442280465e+00
1.503564863640611371e+00
1.506531685969380252e+00
1.505900649129395363e+00
1.507952904064274291e+00
1.507024965584357279e+00
1.509048122450197038e+00
1.506168569981677585e+00
1.506318138782723803e+00
1.507320086652792934e+00
1.505211255137009818e+00
1.505110077654523870e+00
1.506156061740995922e+00
1.506908495967676620e+00
1.507474128378343048e+00
1.505757868775785102e+00
1.505617656229301549e+00
1.502813516953653394e+00
1.505634467351347983e+00
1.504895581306993080e+00
1.507714718940346366e+00
1.506066260915028598e+00
1.505830351405675227e+00
1.507421464034339742e+00
1.505692374319751448e+00
1.505196092933175800e+00
1.504478068442633543e+00
1.504229793805741622e+00
1.503358092753268593e+00
1.505828821115998473e+00
1.504146958852522697e+00
1.507518536387846719e+00
1.507171377694636494e+00
1.505615099244377753e+00
1.506047903398101573e+00
1.503239402935625080e+00
1.503562542776294642e+00
1.505365068450661870e+00
1.506789698685349732e+00
1.505969713053406656e+00
1.504227471016016171e+00
1.506998858530341101e+00
1.504190470971612736e+00
1.504368991866942729e+00
1.504420894086972993e+00
1.505586212194344853e+00
1.505346233238502585e+00
1.506347021465550329e+00
1.505941424758367564e+00
1.505960033774584872e+00
1.508913557221815749e+00
1.504442575522964232e+00
1.505046711000882720e+00
1.507446690576321968e+00
1.503703264989506572e+00
1.508484972755811171e+00
1.507477096929685789e+00
1.506683751285767592e+00
1.506363286000145907e+00
1.503678224637057026e+00
1.505584548365135111e+00
1.508517943789172033e+00
1.503930712198063846e+00
1.506518461729209335e+00
1.503743277240128906e+00
1.504008637043126484e+00
1.508771022626019143e+00
1.500711292307391087e+00
1.505136468489089552e+00
1.502791422585348258e+00
1.502244417557693890e+00
1.505854140975231958e+00
1.505626163192014921e+00
1.507114566043659787e+00
1.505860891459738005e+00
1.507338535390062351e+00
1.507709095674333533e+00
1.505271459877481011e+00
1.508676835458069077e+00
1.503997142728805247e+00
1.506900150842302555e+00
1.506139763953105781e+00
1.501720514683799079e+00
1.507175417325818056e+00
1.504875312531750886e+00
1.504889399461357691e+00
1.506064402588553008e+00
1.504965749347610515e+00
1.507163946185570591e+00
1.506457463473208414e+00
1.509262812698123346e+00
1.503147968290573289e+00
1.502616204741777484e+00
1.505853089570179826e+00
1.507327930262073457e+00
1.507074133989321219e+00
1.506095598783617096e+00
1.505236994804843631e+00
1.504932776341350475e+00
1.506832212680339733e+00
1.501691908709703593e+00
1.503170219732287149e+00
1.505456902352435788e+00
1.504567225585909052e+00
1.504627578248906250e+00
1.506741661061102633e+00
1.503162215676589808e+00
1.507138174712399747e+00
1.506274011319949757e+00
1.505085353319852270e+00
1.510165569660166351e+00
1.508816459091416817e+00
1.503010122770795931e+00
1.504761565180354754e+00
1.507059138369820861e+00
1.506297035057816425e+00
1.505010079315182381e+00
1.505332419450390979e+00
1.508848548741180906e+00
1.504253361855238724e+00
1.505694966294207404e+00
1.504918452581273325e+00
1.503727895988179242e+00
1.503869865768824754e+00
1.504456055101993428e+00
1.506786585667996947e+00
1.508310169773569243e+00
1.504685049581151235e+00
1.502158578057723126e+00
1.507984045310650334e+00
1.506971939407576233e+00
1.505560736183367831e+00
1.504418222376580072e+00
1.504519284621191000e+00
1.505398295490187000e+00
1.506718189787614959e+00
1.507371834970295366e+00
1.507184484718864459e+00
1.505978330408053179e+00
1.509812095470332682e+00
1.506531781754283150e+00
1.506323562370183167e+00
1.503960859115954563e+00
1.503646765067551350e+00
1.501040128157314468e+00
1.504618143464750979e+00
1.502607264695682066e+00
1.503659411411334856e+00
1.504590841359012554e+00
1.508591038142645058e+00
1.507049975062900060e+00
1.502821734085443506e+00
1.503954292236347356e+00
1.504351890635587274e+00
1.508004653206576062e+00
1.505249073263562609e+00
1.505328077075377635e+00
1.507267101805666254e+00
1.505730837908918929e+00
1.507308601897816791e+00
1.507487691404923780e+00
1.505864216899104768e+00
1.504108498566403718e+00
1.504481345818410531e+00
1.507101482095016376e+00
1.506318017434228107e+00
1.509650195447000076e+00
1.509122339790533784e+00
1.506643214663295316e+00
1.502211632264161434e+00
1.505579702704789469e+00
1.503333654724916091e+00
1.505614424950037833e+00
1.504845658382685247e+00
1.505339141657465962e+00
1.506301191878956613e+00
1.504690587074311026e+00
1.506158735427028939e+00
1.504819918308615057e+00
1.508840732843428789e+00
1.504210821050149249e+00
1.507001326271947050e+00
1.504849538967858003e+00
1.505130927815644393e+00
1.506160137220887263e+00
1.507549166279129382e+00
1.505632595454597933e+00
1.505768946903794037e+00
1.505778344704264970e+00
1.504363824028647434e+00
1.506472631907666004e+00
1.505607826915692060e+00
1.508339674820444953e+00
1.504878177685290641e+00
1.505694837818400966e+00
1.504492720132610151e+00
1.506044181843546159e+00
1.507935982519092999e+00
1.505964695087760319e+00
