1.505646758104552063e+00
1.505681809298504703e+00
1.505694452655556681e+00
1.505645316137868228e+00
1.505546482462451152e+00
1.505904110124833828e+00
1.505636137232678973e+00
1.505651670203889125e+00
1.505652226313818121e+00
1.505631344070000432e+00
1.505970177779036412e+00
1.505658167492601507e+00
1.505606419642349980e+00
1.505630825473680767e+00
1.505610269028322845e+00
1.505753902637208430e+00
1.505650177160041014e+00
1.505537575094139768e+00
1.505681608810607974e+00
1.505712255388276244e+00
1.505353949686529802e+00
1.505657220881526204e+00
1.505626437598165612e+00
1.505684961105308028e+00
1.505681344508098318e+00
1.505673871803121067e+00
1.505724632707659882e+00
1.505587908942940256e+00
1.505656265302450114e+00
1.505719638656175308e+00
1.505623442591041750e+00
1.505259802930650981e+00
1.505351062372175308e+00
1.505754768457564730e+00
1.505557257122577708e+00
1.505754916100071616e+00
1.505419790401219871e+00
1.505662734991771501e+00
1.505618112792587837e+00
1.505681580049926138e+00
1.505653639236687047e+00
1.505563605300151986e+00
1.505719590599768454e+00
1.505681559216786702e+00
1.505668560844328763e+00
1.505660977221957575e+00
1.505741096186972161e+00
1.505760586714442573e+00
1.505682322196804535e+00
1.505649634239759171e+00
1.505597297993703121e+00
1.506025561111639988e+00
1.505662964536516490e+00
1.505674149198898082e+00
1.505656392803432997e+00
1.505746855436738141e+00
1.505726963808927454e+00
1.505297675896081655e+00
1.505718377974787137e+00
1.505651061097211141e+00
1.505595663393149097e+00
1.505654530009650660e+00
1.505649487644739271e+00
1.505577319800358804e+00
1.505666802106477409e+00
1.505916516195744626e+00
1.505633395188874957e+00
1.505729657600497040e+00
1.505732057639746158e+00
1.505652342022192780e+00
1.505632511364302095e+00
1.505677348798119652e+00
1.505719735141893834e+00
1.505695031815649454e+00
1.505733948326625882e+00
1.505551753440870222e+00
1.505985608217911720e+00
1.505683033833913553e+00
1.505732057230895871e+00
1.505684026384386032e+00
1.505362123373010341e+00
1.505514438333060312e+00
1.505634446633143053e+00
1.505893267069127850e+00
1.505632625995911411e+00
1.505667234027865176e+00
1.505539936973748549e+00
1.505601854983762644e+00
1.505726388565920226e+00
1.505805369683309802e+00
1.505595251873391049e+00
1.506006467559947382e+00
1.505530392190035816e+00
1.505713439829209577e+00
1.505322625628561228e+00
1.505817499795569114e+00
1.505687461953900685e+00
1.505404808156161289e+00
1.505975115883454674e+00
1.505569050907614725e+00
1.505663307039990961e+00
1.505654592223188537e+00
1.505732904001175765e+00
1.505390968994521739e+00
1.505697517114069850e+00
1.505648105547544802e+00
1.505614728060715279e+00
1.505607008767096078e+00
1.505329066163982210e+00
1.505981594209383712e+00
1.505692350696886894e+00
1.505992454965691563e+00
1.505768550540605766e+00
1.505579450587258616e+00
1.505683925042718307e+00
1.505728333460824464e+00
1.505647523473650828e+00
1.505391627592382209e+00
1.505709628796477739e+00
1.505648494610324573e+00
1.505632562664199092e+00
1.505413497759875652e+00
1.505540224782061287e+00
1.505547533376530245e+00
1.505608072028067124e+00
1.505395695614691665e+00
1.505663684107925615e+00
1.505697404768515213e+00
1.505700745352368308e+00
1.505776173731939727e+00
1.505648956890326851e+00
1.505632790851934244e+00
1.505278256087108080e+00
1.505687519543500441e+00
1.505623933945849036e+00
1.505592160001606894e+00
1.505644365022098308e+00
1.505296117525366961e+00
1.505586082094951372e+00
1.505529041751016539e+00
1.505417363210794779e+00
1.505703151246022831e+00
1.505281450102368135e+00
1.505400671816588876e+00
1.505658639972304202e+00
1.505595504816833685e+00
1.505604808632629243e+00
1.505479310826737915e+00
1.505660696960520184e+00
1.505716846238366324e+00
1.505642069464435018e+00
1.505915042621575273e+00
1.505478164850755141e+00
1.505703001422907805e+00
1.505413739801022333e+00
1.505675444054548340e+00
1.505639470755584242e+00
1.505721212010082688e+00
1.505638005108646205e+00
1.505328565808526475e+00
1.505819914347089838e+00
1.505693565485440644e+00
1.505686972531220302e+00
1.505609267055630029e+00
1.505773420002270324e+00
1.505639327803491190e+00
1.505594072076295920e+00
1.505680477782063598e+00
1.505684857049476966e+00
1.505699183237862782e+00
1.505721903854339017e+00
1.505773423481297835e+00
1.505597348373408639e+00
1.505664976269835753e+00
1.505315420586863295e+00
1.505669941877260554e+00
1.505589136295910624e+00
1.505754507604736947e+00
1.505636703888741046e+00
1.505741620959335947e+00
1.505664107317904232e+00
1.505564616968174674e+00
1.505683841641213272e+00
1.505601945126646024e+00
1.505683730791192332e+00
1.505644916090138841e+00
1.505697353320218923e+00
1.505646844777372095e+00
1.505700249153295811e+00
1.505479393810242650e+00
1.505942682030403601e+00
1.505627245429511651e+00
1.505673571393627785e+00
1.505591874195864932e+00
1.505645940926377158e+00
1.505594093420735469e+00
1.505648760647986695e+00
1.505657424829593083e+00
1.505676904435587327e+00
1.505727684035154335e+00
1.505662957453345330e+00
1.505771790763496210e+00
1.505586008168813272e+00
1.505635513616665033e+00
1.505763656597654654e+00
1.505625221073091158e+00
1.505622852732271255e+00
1.505481215506895065e+00
1.505845740191169790e+00
1.505946625506334735e+00
1.505517441676620605e+00
1.505678597921258355e+00
1.505643927725371478e+00
1.505699235700963978e+00
1.505648013679509623e+00
1.505446752631799612e+00
1.505812898080321149e+00
1.505698941240396493e+00
1.505371618663714051e+00
1.505736293679594162e+00
1.505907145215133136e+00
1.505718914300091971e+00
1.505715543213990593e+00
1.505743964517928468e+00
1.505713748493936466e+00
1.505354053287548011e+00
1.505612215340779159e+00
1.505774443907251792e+00
1.506015379412469990e+00
1.505631282542917670e+00
1.505709761183541495e+00
1.505653588547213761e+00
1.505590023734241445e+00
1.505620738114733737e+00
1.505564866772730603e+00
1.505709450950482919e+00
1.505747917690195781e+00
1.505500454092465690e+00
1.505360202737089148e+00
1.505788232856336784e+00
1.505705947382187659e+00
1.505701543514160079e+00
1.505357418408437287e+00
1.505702320418832230e+00
1.505681433190687812e+00
1.505646099584699638e+00
1.505596286890474200e+00
1.505679604987196996e+00
1.505593814058997726e+00
1.505525226615689327e+00
1.505623861913126582e+00
1.505734516179224158e+00
1.505893613541995801e+00
1.505707392023398317e+00
1.505634140122585451e+00
1.505656674175552379e+00
1.505319106561866516e+00
1.505687382798754914e+00
1.505722600540418732e+00
1.505701316211441432e+00
1.505595492325216389e+00
1.505694381673507998e+00
1.505794435594082881e+00
1.505632811077546984e+00
1.505617028942833224e+00
1.505638708217228672e+00
1.505750384807129860e+00
1.505659970926784830e+00
1.505684101023033072e+00
1.505722646354981098e+00
1.505500472613618301e+00
1.505736105949115888e+00
1.505626825825590043e+00
1.505868212500291792e+00
1.505200895975394415e+00
1.505518433999909256e+00
1.505706729102256780e+00
1.505631783257339151e+00
1.505733763551194038e+00
1.505448423971871952e+00
1.505615540409044995e+00
1.505753063613046949e+00
1.505336937309703416e+00
1.505604989149947670e+00
1.505672168963762658e+00
1.505347449781497149e+00
1.505355752917406642e+00
1.505653841376208835e+00
1.505620421748664617e+00
1.505860545139859230e+00
1.505707172455995391e+00
1.505651217210985715e+00
1.505630205305968694e+00
1.505666446431211059e+00
1.505658804705021669e+00
1.505584321069713738e+00
1.505710566602302292e+00
1.505941690812697020e+00
1.505601855830339453e+00
1.505361922042489420e+00
1.505720943601780437e+00
1.505628968230155573e+00
1.505682315694756523e+00
1.505633998139850105e+00
1.505381023683878716e+00
1.505737346423206002e+00
1.505630301939786087e+00
1.505675619070629079e+00
1.505617202856783132e+00
1.505622175564250265e+00
1.505709708436627992e+00
1.505634139271273764e+00
1.505695931599646986e+00
1.505702126484265824e+00
1.505654440444799569e+00
1.505721188021691415e+00
1.505909244639649813e+00
1.505694941960756372e+00
1.505642767945523541e+00
1.505806210489599728e+00
1.505885692139252940e+00
1.505626368658083525e+00
1.505596678756498275e+00
1.505677313869433709e+00
1.505639107711910896e+00
1.505712047012450094e+00
1.505516980179166797e+00
1.505908202305789034e+00
1.505722216436641947e+00
1.505616440699257375e+00
1.505625456889770009e+00
1.505666971061257797e+00
1.505714382142530727e+00
1.505568181636979475e+00
1.505694405857247897e+00
1.505699561401832920e+00
1.505649946237196168e+00
1.505550749445784930e+00
1.505698379464838865e+00
1.505658113843959978e+00
1.505734532487761346e+00
1.505981633317135859e+00
1.505772732929826052e+00
1.506044703664250362e+00
1.505591090397689236e+00
1.505521472709344000e+00
1.505736108078641333e+00
1.505579491626761524e+00
1.505738452984309861e+00
1.505680100786408016e+00
1.505653641615740890e+00
1.505632772367005323e+00
1.505698248429345965e+00
1.505658101481574862e+00
1.505715345762033142e+00
1.505656113188808654e+00
1.505693057460313344e+00
1.505952442574690631e+00
1.505428983723680725e+00
1.505665740469551039e+00
1.505703030307945500e+00
1.505567889809974691e+00
1.505602333808135018e+00
1.505688820422047547e+00
1.505653662295327821e+00
1.505923561450151382e+00
1.505720102433047547e+00
1.505822557872960488e+00
1.505870615923679212e+00
1.505809460100058450e+00
1.505616000185138414e+00
1.505653870765313984e+00
1.505556108499216839e+00
1.505694717289896900e+00
1.505614477093566883e+00
1.505681516909167739e+00
1.505721204219319542e+00
1.505647129237760229e+00
1.505578152444118745e+00
1.505724242044500727e+00
1.505535274634096865e+00
1.505636387483142880e+00
1.505578181492380985e+00
1.505902698818155194e+00
1.505734568083735958e+00
1.505695160778165231e+00
1.505652426194809657e+00
1.505390157211221602e+00
1.505641883177920803e+00
1.505683022574588970e+00
1.505639158104764785e+00
1.505621473523302889e+00
1.505589957181420191e+00
1.505584157107028531e+00
1.505634753501178924e+00
1.505713321656263926e+00
1.505642257200368039e+00
1.505756164244242967e+00
1.505662696824635605e+00
1.505696895988758666e+00
1.505654810532580878e+00
1.505388257010665587e+00
1.505633444912999552e+00
1.505539330764662287e+00
1.505613625889866247e+00
1.505730232648593514e+00
1.505749203566723704e+00
1.505606255705906893e+00
1.505690342339156551e+00
1.505820533463436028e+00
1.505548994821164221e+00
1.505398277107627303e+00
1.505650046617784454e+00
1.505783430887159380e+00
1.505772489833304695e+00
1.505668426383701686e+00
1.505936286760015008e+00
1.505700796399503272e+00
1.505686212306093452e+00
1.505598446194229112e+00
1.505719107073374197e+00
1.505646726684763070e+00
1.505714940375942223e+00
1.505569801386255735e+00
1.505590108841849295e+00
1.505660441071327238e+00
1.505643505931537618e+00
1.505760280796542894e+00
1.506033310704899542e+00
1.505589223708211577e+00
1.505610255998391933e+00
1.505673622445187876e+00
1.505686026848056525e+00
1.505690558074917806e+00
1.505345701637252898e+00
1.505709404871499402e+00
1.505652848134800159e+00
1.505764209529203423e+00
1.505648514723013864e+00
1.505621651494466917e+00
1.505390367705809584e+00
1.506084094244407146e+00
1.505592639075470140e+00
1.505931939847893641e+00
1.505394596470687407e+00
1.505762232644862531e+00
1.505366380886941746e+00
1.505617879673088799e+00
1.505665768108328528e+00
1.505706337922233296e+00
1.505721309116187401e+00
1.505656157620769431e+00
1.505630034320042832e+00
1.505375122258001630e+00
1.505676804777110522e+00
1.505629007064559488e+00
1.505648859623750280e+00
1.505638576911719317e+00
1.505568714292726096e+00
1.505744586271531515e+00
1.505684716590528049e+00
1.505603015079961304e+00
1.505400637512975592e+00
1.505587744980158238e+00
1.505700338315930864e+00
1.505254888449669481e+00
1.505735262129448193e+00
1.505619098539579870e+00
1.505645380235798303e+00
1.505589589057884758e+00
1.505634677914932995e+00
1.505644036980342548e+00
1.505633491337012853e+00
1.505657884423192039e+00
1.505685872995984775e+00
1.505713239475070964e+00
1.505450498697152195e+00
1.505632550039249340e+00
1.505398084332217001e+00
1.505616614928531050e+00
1.505738188439480485e+00
1.505664851521225422e+00
1.505333582208396859e+00
1.505635136526746631e+00
1.505599498330075781e+00
1.505597984829439628e+00
1.505758713489111944e+00
1.505649970379843605e+00
1.505905356002329887e+00
1.505642070222024564e+00
1.505687229246020165e+00
1.505693355320469218e+00
1.505609190387298568e+00
1.505570279448630533e+00
1.505712710830398704e+00
1.505619188618708915e+00
1.505530738708630967e+00
1.505937995071822577e+00
1.505583455336522158e+00
1.505612530400548765e+00
