1.506155741030536399e+00
1.506371573562252486e+00
1.505575667037081455e+00
1.505524853562680843e+00
1.504915846591240669e+00
1.506020403887838421e+00
1.504404069488024298e+00
1.505558928911496563e+00
1.505741610020317811e+00
1.505330319814840001e+00
1.505589609681481367e+00
1.506132374714006517e+00
1.505141226663094356e+00
1.505388385794629524e+00
1.505417960749687811e+00
1.505587952851370037e+00
1.505577948262416310e+00
1.505643124025342061e+00
1.505783909402194976e+00
1.505654169377045548e+00
1.506474703059333287e+00
1.505108784290917212e+00
1.505914638075201317e+00
1.505980260985698482e+00
1.505830730112911686e+00
1.505856187594313944e+00
1.506313434788491001e+00
1.506020204693284459e+00
1.506524052786680334e+00
1.506316230088552199e+00
1.505411062182156146e+00
1.505456869140539000e+00
1.506225416423774055e+00
1.505970770968615868e+00
1.505203256601494122e+00
1.506399509939623682e+00
1.505425957883936405e+00
1.506656952546369332e+00
1.505101880330413255e+00
1.505476976530216282e+00
1.505208649192467885e+00
1.505020057118411803e+00
1.505377938636901280e+00
1.506014060136939170e+00
1.504829890533808001e+00
1.506017983205365507e+00
1.505638022231550854e+00
1.505755587390257055e+00
1.504915421928965324e+00
1.505595765855212154e+00
1.505135893523649404e+00
1.506635333596834325e+00
1.505891328766989501e+00
1.504585535587704692e+00
1.506246620232082112e+00
1.505451390231431485e+00
1.505008931900045255e+00
1.506399954999145585e+00
1.505333763654168377e+00
1.505588788398090960e+00
1.505620022498241228e+00
1.504665329180858491e+00
1.504605370894636085e+00
1.505522270737801982e+00
1.505058245548607010e+00
1.505312811465020273e+00
1.504948109256191380e+00
1.505682806889099279e+00
1.505515669546880320e+00
1.506382267207901693e+00
1.505428925996254996e+00
1.504379635652857372e+00
1.506406390377362570e+00
1.505880244217280506e+00
1.505051568191987821e+00
1.505238963351545278e+00
1.506001158952195329e+00
1.505840189680074603e+00
1.505615835053800033e+00
1.505554470083068086e+00
1.505537487578822109e+00
1.506036805552227964e+00
1.505710889386902007e+00
1.505375828475105093e+00
1.505893636100539279e+00
1.504982274530420439e+00
1.506014737032375317e+00
1.506105979469817724e+00
1.506545923205343973e+00
1.505929592007131390e+00
1.505582683233729790e+00
1.505196931906965352e+00
1.506262381761981128e+00
1.505800576081862019e+00
1.506337160233564676e+00
1.505990294590237477e+00
1.505839424261838477e+00
1.504890842575850485e+00
1.505596006972233614e+00
1.505590973261702104e+00
1.504749583458718121e+00
1.505138717256492287e+00
1.505577553935848023e+00
1.505906496621476798e+00
1.505158176755982957e+00
1.506036576886009115e+00
1.506640179850339267e+00
1.506161184606946257e+00
1.504814358809335006e+00
1.505291618088095751e+00
1.505766968635916747e+00
1.505062642804978701e+00
1.505729789905406069e+00
1.505721447980841621e+00
1.506013536297699407e+00
1.505724436551586054e+00
1.505860972505240758e+00
1.506649552293196415e+00
1.505392002678049179e+00
1.504967147903998326e+00
1.505964438816675521e+00
1.506557980639950722e+00
1.505776527269688581e+00
1.506455432005417761e+00
1.505819063968911742e+00
1.505563620115520473e+00
1.505913983020875868e+00
1.504378623906023060e+00
1.504985500867890291e+00
1.505753854379059398e+00
1.505786871179802588e+00
1.506046878361983365e+00
1.505571466843526496e+00
1.505888256012165360e+00
1.505213509164501806e+00
1.506539807416405807e+00
1.505728601859812832e+00
1.505694194812639886e+00
1.505364864723655494e+00
1.504916134578948572e+00
1.505379506478343288e+00
1.505914477591664413e+00
1.505754363061048817e+00
1.505258874981384665e+00
1.506058435943849805e+00
1.505670627760931302e+00
1.506125752811566132e+00
1.504892815231747782e+00
1.505286205462381233e+00
1.506302111327147530e+00
1.505754934589558891e+00
1.504748960928357526e+00
1.506241998964810369e+00
1.505669548817372805e+00
1.506471513152810804e+00
1.505318601325957184e+00
1.505261744510399957e+00
1.505761601985695197e+00
1.505734174193906760e+00
1.505655851408399304e+00
1.505928752573117535e+00
1.505975750999825502e+00
1.504860083322069553e+00
1.505381344304172142e+00
1.506967660455138969e+00
1.504609617695259471e+00
1.505336336478100057e+00
1.505794818386759104e+00
1.505189477666516673e+00
1.506188921859835439e+00
1.505322994709396012e+00
1.505726275509948309e+00
1.505807810538096536e+00
1.506217826917740643e+00
1.506799534842540922e+00
1.506674168232464694e+00
1.506299405148440629e+00
1.505537716275908933e+00
1.505722328508225738e+00
1.505913491833803297e+00
1.504472542388302747e+00
1.505682346567752017e+00
1.505582019517030634e+00
1.506547761715073985e+00
1.505686764381799270e+00
1.506269470518379894e+00
1.505720362009737912e+00
1.505878767951999819e+00
1.505569393990056737e+00
1.505808073636313527e+00
1.504861620829247570e+00
1.505154582083672032e+00
1.505029164940195674e+00
1.505937924745930800e+00
1.505184317580755105e+00
1.505496240576749578e+00
1.507125237805139406e+00
1.505746634721725208e+00
1.506053294336984427e+00
1.506232380397588777e+00
1.506406404664282661e+00
1.505994824388738884e+00
1.505086643404971003e+00
1.506680708585710793e+00
1.505504671135922568e+00
1.505828310449284224e+00
1.505388228548579788e+00
1.505730431103494027e+00
1.505019282483858412e+00
1.505878452371250509e+00
1.505145300978521394e+00
1.505775278154277252e+00
1.506338372302484352e+00
1.504860049395688293e+00
1.504839201921410963e+00
1.505473549272248857e+00
1.505246412278430812e+00
1.506090493366748051e+00
1.505583429088154457e+00
1.505108608615103982e+00
1.506625023524185369e+00
1.504671924245081671e+00
1.506592323952512746e+00
1.505885002239991666e+00
1.504758938338729202e+00
1.506311130454824454e+00
1.505584798161839322e+00
1.506092896837368578e+00
1.505906176153230636e+00
1.505442450221039730e+00
1.505068534891968124e+00
1.505317510292185412e+00
1.505735244101382264e+00
1.505853942625649866e+00
1.505914799497567236e+00
1.505601632744889340e+00
1.505645460459422935e+00
1.505435692880927601e+00
1.505334988494327453e+00
1.505540308202100164e+00
1.506501250784066492e+00
1.505013808052244384e+00
1.505060442222032169e+00
1.505450773934439379e+00
1.505864400244894874e+00
1.505231521492786051e+00
1.505512473931906570e+00
1.506160999759283303e+00
1.505905894365996200e+00
1.506059870802319844e+00
1.506024057250338277e+00
1.505833606138475389e+00
1.505091260436055345e+00
1.505397347341386194e+00
1.505741205560094276e+00
1.506297998887613065e+00
1.504627014524431150e+00
1.505482513572659942e+00
1.505081611159984512e+00
1.506098364817016755e+00
1.506227060808824625e+00
1.505991821552996157e+00
1.505703946334377541e+00
1.505977910312524370e+00
1.505102569039560079e+00
1.505630811964822513e+00
1.505560193269599001e+00
1.505292646888868990e+00
1.505773941406506333e+00
1.505624052371372645e+00
1.505759155674104344e+00
1.504332107716747524e+00
1.505825562545737961e+00
1.506338779004662287e+00
1.505339862829875530e+00
1.505817110526040503e+00
1.506350961965811752e+00
1.504625086442218374e+00
1.506047414985026922e+00
1.506286741195609125e+00
1.506247512420753498e+00
1.505555694459362881e+00
1.505677510528965923e+00
1.505872435191541348e+00
1.505263885830204762e+00
1.505638177144702716e+00
1.504666316360950384e+00
1.504466509383021178e+00
1.505388996537134094e+00
1.507034054260329548e+00
1.505125294081907761e+00
1.505223366623569259e+00
1.506162306927750105e+00
1.505621775937876272e+00
1.506229503123942104e+00
1.505284130916290097e+00
1.505109875298533240e+00
1.506387187603952516e+00
1.504504204292078651e+00
1.506013088548729284e+00
1.506317956069739061e+00
1.506290489506788344e+00
1.505158683741632419e+00
1.506542806765630571e+00
1.505977872323538858e+00
1.505620891035748699e+00
1.505416162814951386e+00
1.506127935382481020e+00
1.505690572707818919e+00
1.506241080427281664e+00
1.504917397501959853e+00
1.505196334639961719e+00
1.506102162718829796e+00
1.505710159389848091e+00
1.505380391234891535e+00
1.505875246702503389e+00
1.505671741670578268e+00
1.505766768751849227e+00
1.505410865806983800e+00
1.506005079267054958e+00
1.506213626775906755e+00
1.506264426599124739e+00
1.505735541858474136e+00
1.506359503288403623e+00
1.505627090592880579e+00
1.506680788054588938e+00
1.504886660824559907e+00
1.505328200670025041e+00
1.506022487148939160e+00
1.505988213027333433e+00
1.505391439621060146e+00
1.505280901240092284e+00
1.504997566825589050e+00
1.505807275460252725e+00
1.505661421800469357e+00
1.505618501661448505e+00
1.506181355412749223e+00
1.505414336455367152e+00
1.506362545592569546e+00
1.505114078013139123e+00
1.504793407081583601e+00
1.505716561085662208e+00
1.505910765603772461e+00
1.504726650258831677e+00
1.505291750264910799e+00
1.505652810962962995e+00
1.505555019913667802e+00
1.506179948993605633e+00
1.505144756543984830e+00
1.506129042990977052e+00
1.505357394699665452e+00
1.505133364913584515e+00
1.506003158747112991e+00
1.505700194685893223e+00
1.506031437352945757e+00
1.504863300662188985e+00
1.505414306002816893e+00
1.505985784333563338e+00
1.505705908109650437e+00
1.504978260697286130e+00
1.505151259288097343e+00
1.506292660218052415e+00
1.505618146310736316e+00
1.505588023576690526e+00
1.507089567437305044e+00
1.506069255000722196e+00
1.505917938348826812e+00
1.506626267528206053e+00
1.506193870606051366e+00
1.506741328440203365e+00
1.507048427683618241e+00
1.505701932189154935e+00
1.505932044381023349e+00
1.505747882704268292e+00
1.504400559932550729e+00
1.505106378550848945e+00
1.505799292340948670e+00
1.505043053923305951e+00
1.505358443945036040e+00
1.505677351258503549e+00
1.505094131092038046e+00
1.505588017927673716e+00
1.505959200230735595e+00
1.505343868782674788e+00
1.505821195514238653e+00
1.505968677458406901e+00
1.506066950762292134e+00
1.505790140548724398e+00
1.504630830754891901e+00
1.505431811094893213e+00
1.505250006824844000e+00
1.505899175121840683e+00
1.505504189817507665e+00
1.505643642452702879e+00
1.505034925102985088e+00
1.506009743112954435e+00
1.504707402077083422e+00
1.505886352317026944e+00
1.505100384883232945e+00
1.506389403277155203e+00
1.505385254490127167e+00
1.504970816139631129e+00
1.504862040495780873e+00
1.504679124281322888e+00
1.506447202546601138e+00
1.505985838922345943e+00
1.505361734425298081e+00
1.505813026254538611e+00
1.506446822026755505e+00
1.505279398457360918e+00
1.505689157800853772e+00
1.506980639263175048e+00
1.505942234990231166e+00
1.506289693069465363e+00
1.506141520342757723e+00
1.505868092475926234e+00
1.505537903336316541e+00
1.505531604198542484e+00
1.506198593116460094e+00
1.506272013612803606e+00
1.505561720388488123e+00
1.505941940411819502e+00
1.505916949081359091e+00
1.505399332641114363e+00
1.505169844768952991e+00
1.505060056774656374e+00
1.505455427021956671e+00
1.505501834155333896e+00
1.505205523598761808e+00
1.505416921485349224e+00
1.504961993860773228e+00
1.506226259027619641e+00
1.505915302915566745e+00
1.506174927049745094e+00
1.504886027999934317e+00
1.504470509650565946e+00
1.505175658175298636e+00
1.505982810093830171e+00
1.505651693898954591e+00
1.505873263556030794e+00
1.505458917595617452e+00
1.505062148907148956e+00
1.504999796236952792e+00
1.506451256381922343e+00
1.505716648481598252e+00
1.505584025608651011e+00
1.505948271644648173e+00
1.505192327148383580e+00
1.505161738197041910e+00
1.505864558824161925e+00
1.505362735554214515e+00
1.505653660142118655e+00
1.505514690295995273e+00
1.505540743689968819e+00
1.505553033396523244e+00
1.504787768951374671e+00
1.506163230906930828e+00
1.505623444893663843e+00
1.505281836943964002e+00
1.506345183797448861e+00
1.506038148785350028e+00
1.505956334731144874e+00
1.506157190325931428e+00
1.505772252487987517e+00
1.506366178763101749e+00
1.505459366461126880e+00
1.505870311970082032e+00
1.505515339205098169e+00
1.505704079486561042e+00
1.504800907315859027e+00
1.505296664666071704e+00
1.504999097882782966e+00
1.505569001656970718e+00
1.505945920189196707e+00
1.504795239706578247e+00
1.505457078129206483e+00
1.505212632821738783e+00
1.505588161621483900e+00
1.505025670761741319e+00
1.505647817911553332e+00
1.504384907328565557e+00
1.505912770864780148e+00
1.505970712323450700e+00
1.504657624728721110e+00
1.505595428822044113e+00
1.505930834471995050e+00
1.505352752220858292e+00
1.505686114783624685e+00
1.505935185115864217e+00
1.504864676888991726e+00
1.506009191588882246e+00
1.505421245162477772e+00
1.506591275061484048e+00
1.505393706183088876e+00
1.505274980743782187e+00
1.505615634152752236e+00
1.505781413690554960e+00
1.505446403564137281e+00
1.505424652802948460e+00
1.505657858615183864e+00
