1.505713978047320767e+00
1.505188384490395936e+00
1.505323494721540811e+00
1.505513039465061986e+00
1.506356558465718809e+00
1.505679182887519119e+00
1.505963042335801250e+00
1.505955697945021710e+00
1.505430547802028673e+00
1.505564371435193394e+00
1.505917493397028739e+00
1.506116144985361283e+00
1.505532200372359020e+00
1.505328402978258318e+00
1.505568215233968443e+00
1.505311119369509676e+00
1.505300708132559340e+00
1.505468119929321613e+00
1.505697925316563213e+00
1.505396480837213780e+00
1.505646004561867812e+00
1.505708296335169560e+00
1.505301010832952535e+00
1.505210110835027759e+00
1.505512293332269769e+00
1.505752378565433425e+00
1.505674938471902147e+00
1.505545231705658349e+00
1.505954566351849433e+00
1.506026676652393093e+00
1.505181100827059026e+00
1.505627113857620269e+00
1.505218291008123987e+00
1.505871035009688219e+00
1.505917050932829460e+00
1.505703358305737982e+00
1.505745376471085972e+00
1.505267862542090995e+00
1.505916802745235650e+00
1.505420752393711092e+00
1.505769239452985353e+00
1.505660556482785406e+00
1.505862588115088219e+00
1.505771482503552638e+00
1.505670450629081891e+00
1.505704886292597910e+00
1.505536492473863452e+00
1.505232671515287723e+00
1.505927001357598272e+00
1.505711893900337328e+00
1.505687561645093986e+00
1.505536067615300677e+00
1.505176276789576217e+00
1.505724878833369695e+00
1.505507695261920853e+00
1.505789428893617998e+00
1.505879086652817112e+00
1.505402904521383034e+00
1.505485200227297593e+00
1.505943276635111516e+00
1.505739720391396919e+00
1.505562860820405691e+00
1.505433860496542042e+00
1.505393963467962282e+00
1.505692974107667004e+00
1.505324152105789848e+00
1.505362564447816132e+00
1.505618195369628598e+00
1.505901491584731078e+00
1.505431066278321239e+00
1.505997100807850986e+00
1.505847023674388163e+00
1.505526292178862136e+00
1.505382392207174735e+00
1.505223516883116730e+00
1.505292111701278968e+00
1.505765824248687546e+00
1.505227815755507015e+00
1.505783912427710369e+00
1.505501142268464987e+00
1.505930580075070191e+00
1.505623269726451996e+00
1.505817445052891612e+00
1.505841200873771824e+00
1.505501959990116490e+00
1.505756298009745864e+00
1.505497074882734765e+00
1.505612836829243850e+00
1.505991031279900527e+00
1.505625614521172828e+00
1.505972167211348189e+00
1.505896140567087205e+00
1.505619229016601723e+00
1.505539794613961924e+00
1.505722900144991439e+00
1.505764442686069904e+00
1.505469527658606532e+00
1.505796589671856367e+00
1.505604391021681643e+00
1.505566242863428217e+00
1.505954865314371727e+00
1.505273920803361865e+00
1.505890981482356450e+00
1.506259714021983109e+00
1.505252949545963226e+00
1.505539605422964167e+00
1.505836295533026892e+00
1.505467598831682130e+00
1.505474400888362263e+00
1.505820466716808914e+00
1.505539858600502434e+00
1.505330775104263274e+00
1.505805825199495018e+00
1.506115789496094370e+00
1.505800634210062494e+00
1.505740879410371047e+00
1.505643749118845687e+00
1.505675781000111790e+00
1.505552817401225818e+00
1.505490815692505091e+00
1.505648067908413879e+00
1.505819163481865397e+00
1.505939966622963144e+00
1.505057343968136951e+00
1.505198278241259846e+00
1.505148165106357405e+00
1.505337786222650465e+00
1.505883592125198955e+00
1.505893644360640993e+00
1.506165960484339372e+00
1.505430621327806584e+00
1.506219622543355285e+00
1.505400887091671969e+00
1.505535231147500319e+00
1.506314196771899594e+00
1.505591237569525509e+00
1.505382689260643891e+00
1.505812755894943678e+00
1.505359327463866581e+00
1.505646772366476149e+00
1.505366864253522730e+00
1.506071719676310705e+00
1.505680001265164991e+00
1.505582463108730895e+00
1.505753929566407301e+00
1.505937311379364818e+00
1.505049427035770604e+00
1.505879690123246739e+00
1.505705778492730573e+00
1.505806761070584088e+00
1.505658276544667551e+00
1.505941770381233002e+00
1.505755386683641284e+00
1.505591686074922553e+00
1.505715736632116553e+00
1.505257930027402935e+00
1.505602471484326133e+00
1.505557247899014239e+00
1.505779940906179393e+00
1.505560718162756828e+00
1.505861534682366498e+00
1.505634210505151671e+00
1.505647383164626207e+00
1.505064990240788880e+00
1.505111678172478040e+00
1.505728093274924628e+00
1.505505041273684785e+00
1.505762905586396805e+00
1.505464160962772358e+00
1.505786334183071729e+00
1.505374135117925283e+00
1.506009615613333796e+00
1.505352609921223772e+00
1.505750333357763537e+00
1.505504503111614767e+00
1.505922111314608625e+00
1.505280785524620413e+00
1.505403746164177381e+00
1.505625722761640528e+00
1.505965563020077447e+00
1.506315484743510735e+00
1.505695550881043232e+00
1.505628017571393418e+00
1.505496129490171420e+00
1.505847018225153988e+00
1.505684734514630030e+00
1.505824335845328044e+00
1.505760816363145738e+00
1.505415826440016591e+00
1.505418478359043633e+00
1.505725360344639885e+00
1.505954111687262120e+00
1.505740827743044186e+00
1.505792708044541683e+00
1.505729218019022042e+00
1.505851260836132521e+00
1.505672798033906856e+00
1.506245844848486559e+00
1.505390312922894935e+00
1.505333164513566580e+00
1.505463830856958563e+00
1.505727320666069069e+00
1.505925564995890031e+00
1.505544145421079394e+00
1.505737511363486991e+00
1.505889230377976284e+00
1.505727030092252505e+00
1.505939918224016516e+00
1.505594437960701137e+00
1.505728636605609072e+00
1.505686811559321159e+00
1.506275060587440873e+00
1.505686363816639339e+00
1.505821728421730565e+00
1.506007884301072686e+00
1.505630634292200565e+00
1.505915871028576714e+00
1.505702201955460673e+00
1.505580956067872123e+00
1.505851272906036709e+00
1.505771847430040555e+00
1.505557815131638222e+00
1.505754620440937774e+00
1.505503609467045312e+00
1.505776493672973171e+00
1.505570626220792629e+00
1.505633041498809721e+00
1.505607760232700931e+00
1.506251764100558388e+00
1.505609591492122590e+00
1.505790853804015450e+00
1.505763346129173286e+00
1.505588498985384938e+00
1.505589509501606749e+00
1.506260998223581282e+00
1.505777086935309539e+00
1.505783749905752256e+00
1.505767972213131412e+00
1.505473832043124460e+00
1.505678183310297458e+00
1.505739892222076382e+00
1.505888700152756776e+00
1.505459409237852375e+00
1.505532348460095093e+00
1.505537118089413706e+00
1.505446285640974269e+00
1.505868149257550970e+00
1.505717842843022680e+00
1.505849188117009074e+00
1.506063920906301368e+00
1.505733456002018356e+00
1.506319334874756333e+00
1.505742231886473714e+00
1.506086272555163807e+00
1.505227961200867437e+00
1.505497135521410179e+00
1.505788523741367957e+00
1.505317667163761364e+00
1.505613506802527590e+00
1.505649255579156298e+00
1.505419711044039266e+00
1.505920520074875535e+00
1.505687108271653862e+00
1.505408688734739986e+00
1.505799595640249011e+00
1.505676106260049663e+00
1.505844730883284965e+00
1.505720153078260681e+00
1.505619724347319277e+00
1.505832115090393053e+00
1.505750355502025517e+00
1.506100591571843506e+00
1.505230573112468884e+00
1.505666400977259123e+00
1.505682800014606304e+00
1.505703260047842384e+00
1.505733044117259167e+00
1.505671624644829842e+00
1.505110157573666729e+00
1.505948364468691292e+00
1.505627858998043633e+00
1.505802334250700092e+00
1.505522029493899350e+00
1.506016274809665267e+00
1.505806771183190174e+00
1.505922588154910979e+00
1.505738788142952922e+00
1.505331578357556266e+00
1.505215664408966258e+00
1.505653461992458642e+00
1.505996966527034520e+00
1.505428596308708844e+00
1.505911942601374065e+00
1.505260258670571449e+00
1.505588613395706155e+00
1.505746432419740710e+00
1.505592023689381831e+00
1.505772205824498222e+00
1.506130615745547852e+00
1.505861067131731179e+00
1.505511748682832662e+00
1.505687728535650916e+00
1.505445000497811048e+00
1.505751328288137625e+00
1.505792785556725910e+00
1.505594452817655249e+00
1.505683273830676683e+00
1.505781170267229685e+00
1.505264112986633762e+00
1.505631624513114719e+00
1.505832143308033277e+00
1.505304706265345516e+00
1.505554319940396013e+00
1.506008991023188859e+00
1.505396959994590445e+00
1.505343786002780515e+00
1.506073531475589755e+00
1.505699950517269015e+00
1.505898142006122820e+00
1.505629311710837026e+00
1.505714597335405580e+00
1.505419685340204872e+00
1.505419694267818853e+00
1.505627479947387215e+00
1.506059502163684893e+00
1.506313168290180027e+00
1.505423581212017137e+00
1.505714218279700756e+00
1.505958420049729574e+00
1.505896426320433079e+00
1.505301792992483012e+00
1.506050016017786763e+00
1.505994055138351495e+00
1.505854426740379948e+00
1.505666797421559178e+00
1.505450283337822937e+00
1.505762191732036737e+00
1.505717866229156598e+00
1.505630297382535288e+00
1.505715832816994837e+00
1.505257982155949525e+00
1.505459353270645506e+00
1.505828948425234293e+00
1.505758772849739913e+00
1.506059028911822306e+00
1.505673885035512249e+00
1.505520271389190423e+00
1.505568934766657430e+00
1.505706648199678588e+00
1.505630324017305677e+00
1.505706971253983451e+00
1.505780524042675150e+00
1.505348839039138964e+00
1.505780943658329374e+00
1.505550137433074642e+00
1.505596214069909511e+00
1.505959324597730298e+00
1.505597657017480717e+00
1.505268099949586658e+00
1.505507720008415262e+00
1.505734722257643821e+00
1.505519200675277780e+00
1.505655915833012504e+00
1.505749380059928644e+00
1.505569303392108704e+00
1.505563872672084802e+00
1.506070208243209141e+00
1.505390440518546757e+00
1.505634218637768917e+00
1.505663112582154906e+00
1.505904144178640047e+00
1.505795244356651352e+00
1.505871714819354334e+00
1.505774372338148925e+00
1.505205286789072838e+00
1.505715243408110027e+00
1.505632032671121001e+00
1.505695388200287255e+00
1.505580584945764189e+00
1.505436044457103772e+00
1.505753848676854023e+00
1.505993160538865228e+00
1.505901757366534088e+00
1.505482292855658377e+00
1.505652992863860673e+00
1.506037848790275246e+00
1.505748680549501506e+00
1.505607890462637100e+00
1.505346721487978323e+00
1.505224958024974580e+00
1.505615171737161972e+00
1.505869912335485283e+00
1.505494367264561761e+00
1.505582247813150421e+00
1.505581990383774826e+00
1.505571937320345333e+00
1.505477235652936674e+00
1.505736997076408956e+00
1.505725655517212491e+00
1.505316625116869034e+00
1.505315497360744770e+00
1.505284104121093369e+00
1.505799284369224944e+00
1.505739098289187172e+00
1.505351008276708091e+00
1.505819748700792271e+00
1.505383364006170455e+00
1.505240210472525764e+00
1.505573850895550514e+00
1.505702166660082275e+00
1.505499031501355223e+00
1.505130325997648955e+00
1.505545105018117003e+00
1.506189017144288878e+00
1.505726314809755717e+00
1.505566065135876430e+00
1.506126085913868096e+00
1.505684853121797007e+00
1.505747193602180456e+00
1.505449695830718193e+00
1.505599979746827799e+00
1.505504427370489173e+00
1.505542532794635679e+00
1.505772202497785539e+00
1.505521700051348333e+00
1.506161176104196642e+00
1.505484457367928242e+00
1.505605843058061222e+00
1.505624850786064339e+00
1.505595268583153290e+00
1.505693582683302667e+00
1.505612100212564197e+00
1.505829245554119122e+00
1.505192314190741509e+00
1.505843249942016904e+00
1.505961069916187167e+00
1.505346141037203989e+00
1.506029967530384761e+00
1.505544201773782786e+00
1.506059645645719813e+00
1.505740083948355235e+00
1.505749090531601997e+00
1.505745241787732169e+00
1.505744701017984521e+00
1.505447162969589581e+00
1.505460677036400075e+00
1.505797834912895095e+00
1.506171653786733344e+00
1.505549354354025926e+00
1.505794141420500942e+00
1.505689383710756113e+00
1.505591193773077485e+00
1.505773101860956142e+00
1.506004180123049929e+00
1.505580199281656650e+00
1.505667077864156322e+00
1.505353414621543706e+00
1.505639264798803278e+00
1.505771780185968911e+00
1.505558076306110937e+00
1.505544528425014850e+00
1.505730917939186009e+00
1.505690643418242214e+00
1.505556788247510935e+00
1.505435901552006017e+00
1.505810488786683887e+00
1.505596471788584356e+00
1.505629953300767987e+00
1.505853889060644768e+00
1.505416202944012571e+00
1.505829003151587742e+00
1.505665718767414063e+00
1.505621421601941901e+00
1.506018516689053399e+00
1.505632008422480794e+00
1.506203788089930606e+00
1.505342796260375149e+00
1.506001106346882779e+00
1.505844013647705371e+00
1.505104645917735073e+00
1.505780722296879981e+00
1.505670339436973260e+00
1.505590152524185044e+00
1.505383723290397935e+00
1.505678858736638537e+00
1.505376474980378632e+00
1.505867387338188701e+00
1.505623935401236846e+00
1.505617793857497722e+00
1.505765692489832386e+00
1.505205777536276157e+00
1.505524600552005543e+00
1.505397620923186519e+00
1.505835563448645775e+00
1.505460318216794491e+00
1.505657956105177941e+00
1.505868482940387221e+00
1.505306082750629493e+00
1.505585008053988982e+00
1.506002584147290602e+00
