1.505758991614139619e+00
1.505700130877199339e+00
1.505080990281883357e+00
1.505738777292820796e+00
1.505704079988199773e+00
1.505978148526593285e+00
1.505694312047352490e+00
1.505750827224167310e+00
1.505837862333444521e+00
1.505750180258599524e+00
1.505601129853135989e+00
1.505758653984950790e+00
1.505588895958787754e+00
1.505684093258938816e+00
1.505792168433794487e+00
1.505664718867806284e+00
1.505586847298129083e+00
1.505468556115004075e+00
1.505735177063309616e+00
1.505883019638568854e+00
1.505360939497021988e+00
1.505672177576347748e+00
1.505355687671427134e+00
1.505746308341403328e+00
1.505513776717365859e+00
1.505988889601919567e+00
1.505661761228190842e+00
1.505598662485766681e+00
1.505633833455972459e+00
1.505663475100246895e+00
1.505760195000577450e+00
1.505818893727093322e+00
1.505605669406284264e+00
1.505553858303182668e+00
1.505499283377153219e+00
1.505632675431666456e+00
1.505441869533737043e+00
1.505482965591271149e+00
1.505629106779027282e+00
1.505625134531893394e+00
1.505709200395985548e+00
1.505446733523333025e+00
1.505648093500585372e+00
1.505357117652222687e+00
1.505642362834455739e+00
1.505769980674844133e+00
1.505698446347237596e+00
1.505575861916539804e+00
1.505720638000311418e+00
1.505428048119893614e+00
1.505879773906139141e+00
1.505660375598755429e+00
1.505499331629283954e+00
1.505668959107674620e+00
1.505582094055038400e+00
1.505840903632033267e+00
1.505676380425498007e+00
1.505593382793448454e+00
1.505649688367122430e+00
1.505335183612906746e+00
1.505691423186737099e+00
1.505847316372417311e+00
1.505726798949793110e+00
1.505566584247802098e+00
1.505613950645201982e+00
1.505613281210141929e+00
1.505626123472539657e+00
1.505911886497673713e+00
1.505346114516360911e+00
1.505599555261167621e+00
1.505621877641074136e+00
1.505381552273899581e+00
1.505540205616776372e+00
1.505586615422133345e+00
1.505529773371246716e+00
1.505666159354205336e+00
1.505662997367783307e+00
1.505722589305626080e+00
1.505761951475872884e+00
1.505670299558022451e+00
1.505659073620123412e+00
1.505569547488883497e+00
1.505395174485020471e+00
1.505711605154862909e+00
1.506073468577732832e+00
1.505474481312758295e+00
1.505597483669641523e+00
1.505661061300149761e+00
1.505614230934732012e+00
1.505762600361291170e+00
1.505584153575167949e+00
1.505644171388065722e+00
1.505369873039288375e+00
1.505876932274275548e+00
1.505639700225131161e+00
1.505543364519255967e+00
1.506038324011771401e+00
1.505259825220016667e+00
1.505325726415907672e+00
1.505500057829425975e+00
1.505686628380868530e+00
1.505517054991932557e+00
1.505690148333215461e+00
1.505763394060824156e+00
1.505451699544209543e+00
1.505635211327820411e+00
1.505865130313771560e+00
1.505394505637435820e+00
1.505901562180267828e+00
1.505648617021208224e+00
1.505707688022008384e+00
1.505627605682322789e+00
1.505679053956066937e+00
1.505667032828563068e+00
1.505922055388417613e+00
1.505348713556489582e+00
1.505777665969888490e+00
1.505581579939009096e+00
1.505686723706136876e+00
1.505468006739153264e+00
1.505593897746658971e+00
1.505762178151347941e+00
1.505691963296293068e+00
1.505883829927618489e+00
1.505647514415340282e+00
1.505682501620985825e+00
1.505400501257931456e+00
1.505708490665003563e+00
1.505327994071451014e+00
1.506001236127570975e+00
1.505802589458050456e+00
1.505703485738342895e+00
1.505600349476347022e+00
1.505845468230846418e+00
1.505739096893434326e+00
1.505705506829747353e+00
1.505604444583981127e+00
1.505323446447468960e+00
1.505573501861483754e+00
1.505636742103019898e+00
1.505645865894520430e+00
1.505721379444849184e+00
1.506007685119718609e+00
1.505771033420684635e+00
1.505534206849402867e+00
1.506025420394888847e+00
1.505579448568910239e+00
1.505653163470765499e+00
1.505687791509888962e+00
1.505715154445437243e+00
1.505394111185200501e+00
1.505583427300312138e+00
1.505671787714372378e+00
1.505674810096481409e+00
1.505972396303484784e+00
1.505547091821844985e+00
1.505944561001320237e+00
1.505665033845476675e+00
1.505897810147030391e+00
1.505773014307175028e+00
1.505587740056241630e+00
1.505651951101183439e+00
1.505638582147815319e+00
1.505996354124071956e+00
1.505591300698337021e+00
1.505653153973251612e+00
1.505573515640041604e+00
1.505690433467403277e+00
1.505653846612628355e+00
1.505669123797332754e+00
1.505322255408879650e+00
1.505330110623397388e+00
1.505803925240519092e+00
1.505733227394788543e+00
1.505512537950294716e+00
1.505669685934640345e+00
1.505695792942527200e+00
1.505781750220772430e+00
1.505523676332573668e+00
1.505773571721721549e+00
1.505512999964618848e+00
1.505510366666915401e+00
1.505569684399208796e+00
1.505977761966224016e+00
1.505696086780577536e+00
1.505594426398975116e+00
1.505759003398747797e+00
1.505325527887400039e+00
1.505626285170689194e+00
1.505683789163494435e+00
1.505985977515683860e+00
1.505838996769709670e+00
1.505637288075298175e+00
1.505285514672128899e+00
1.505740604933194948e+00
1.505687029777555752e+00
1.505594731841020550e+00
1.505773170933067062e+00
1.505456608987965295e+00
1.505695518197007754e+00
1.505674516623951131e+00
1.505718449190148522e+00
1.505791051067645769e+00
1.505856468272169790e+00
1.505833812792986670e+00
1.505719008800792347e+00
1.505619502547587807e+00
1.505678878249880448e+00
1.505691217539037341e+00
1.505634351726787390e+00
1.505946428767637402e+00
1.505589941946417820e+00
1.505753242096127487e+00
1.505999851061742056e+00
1.505490081830933136e+00
1.505762618446187862e+00
1.505503560128754081e+00
1.505610221824004613e+00
1.505942188079852917e+00
1.505960018243864385e+00
1.505297531925511745e+00
1.505527673957016033e+00
1.505734480212106652e+00
1.505709706191148411e+00
1.505335133539662085e+00
1.505708027683410277e+00
1.505674398384514667e+00
1.505744510908728184e+00
1.505599352541955094e+00
1.505583853628386759e+00
1.505655026750317482e+00
1.506033855897538354e+00
1.505657841127928442e+00
1.505718971495177083e+00
1.505574885155203990e+00
1.505772005295307414e+00
1.505708189321332879e+00
1.505617162270593168e+00
1.505712236295664530e+00
1.505817447012435251e+00
1.505425482260929426e+00
1.505656080917322281e+00
1.505773768399357726e+00
1.505546220436476457e+00
1.505940558967890697e+00
1.505653620740870391e+00
1.505982212460855285e+00
1.505628297732784393e+00
1.505940805806298854e+00
1.505630571415487395e+00
1.505415862788052284e+00
1.505681275763722349e+00
1.505646277942636502e+00
1.505604250770176566e+00
1.505703991455833890e+00
1.505739711947788217e+00
1.505315345504702584e+00
1.505646735251200408e+00
1.505937230611069877e+00
1.505673238887808241e+00
1.505645685026649083e+00
1.505818700618176020e+00
1.505866703817281049e+00
1.505648064353134696e+00
1.505660861601449074e+00
1.505421601074399263e+00
1.505753783244864863e+00
1.505682688139864833e+00
1.505503475509156974e+00
1.505559211728095148e+00
1.505474098844128195e+00
1.505944006649709177e+00
1.505578985542759263e+00
1.505732844204894283e+00
1.505802459753557754e+00
1.505246168210209179e+00
1.505986195980919096e+00
1.505652801419683495e+00
1.505750100247325918e+00
1.505603542758501279e+00
1.505403587795919762e+00
1.505385605965317231e+00
1.505966574882852571e+00
1.505811208692827252e+00
1.505584470025660204e+00
1.505999418932106648e+00
1.505747523579028968e+00
1.505744498834523437e+00
1.505375127743733055e+00
1.505246184421772160e+00
1.505931383861519368e+00
1.505383345038143306e+00
1.505704193071715213e+00
1.505601060354867959e+00
1.505415725513221670e+00
1.505955198342566970e+00
1.505321057876584101e+00
1.505577625027078481e+00
1.505658654620432246e+00
1.505451153794540753e+00
1.505529076920041787e+00
1.505549606045029964e+00
1.505815061349027095e+00
1.505812432507293686e+00
1.505565830887825030e+00
1.505629046418526906e+00
1.505688430240713194e+00
1.505797466389089401e+00
1.505677666366948664e+00
1.506005284566691138e+00
1.505672940269395799e+00
1.505634862338631752e+00
1.505655730474452003e+00
1.505492813707089983e+00
1.505799604938774960e+00
1.506006837928190567e+00
1.505982859776356708e+00
1.506075749406702080e+00
1.505630798761502742e+00
1.505788543687697212e+00
1.505539639063788737e+00
1.505641786403693283e+00
1.505745119689416933e+00
1.505774284789876516e+00
1.505401558680011131e+00
1.505586624570597110e+00
1.505602528394149431e+00
1.505573770409996959e+00
1.505456289910254597e+00
1.505499354952815505e+00
1.505674861237803031e+00
1.505453371414133823e+00
1.505353997429993651e+00
1.505785151853663351e+00
1.505449350643047968e+00
1.505563166070822856e+00
1.505630969142658815e+00
1.505995638452742647e+00
1.505703737417161570e+00
1.505663883613463927e+00
1.505672464279307787e+00
1.505559243202807762e+00
1.505662264083996948e+00
1.505553621842794287e+00
1.505649256557998861e+00
1.505636221765695337e+00
1.505559828636094943e+00
1.505375144691267542e+00
1.505677610479273953e+00
1.505885501846476071e+00
1.505662325671609070e+00
1.505710004316631823e+00
1.505589045100835355e+00
1.505462801437264853e+00
1.505724492347216170e+00
1.505709839084228285e+00
1.505575666773428134e+00
1.505614058390203125e+00
1.505794913988182548e+00
1.505643456781570411e+00
1.505636086516641603e+00
1.505734015371970047e+00
1.505779671753704196e+00
1.505903124704330853e+00
1.505627622349317241e+00
1.505625262430411171e+00
1.505934457027482631e+00
1.505374851050001794e+00
1.506111171865343046e+00
1.505365338675040521e+00
1.505597932801683747e+00
1.505706628704229777e+00
1.505310134929838783e+00
1.506042766019595192e+00
1.505375223743041335e+00
1.505406723532395130e+00
1.505496742705762392e+00
1.505732843747569882e+00
1.505176431013785843e+00
1.505877812164791330e+00
1.505908500960066565e+00
1.505916096632083034e+00
1.505680002578847487e+00
1.505689881592555679e+00
1.505790457572757202e+00
1.505302945830924610e+00
1.505611966763805043e+00
1.505802037888669842e+00
1.505681740320670148e+00
1.505979029131121250e+00
1.505640531224865075e+00
1.505636887687797687e+00
1.505542938780706663e+00
1.505492983796850037e+00
1.505721322972385146e+00
1.505675779406316694e+00
1.505927492004601076e+00
1.505745883151360820e+00
1.505410610640437019e+00
1.505592798951333355e+00
1.505421558319430142e+00
1.505636868360420655e+00
1.505593416815267371e+00
1.505569504911162371e+00
1.505780668965088998e+00
1.505557069326642683e+00
1.505246506380489402e+00
1.505706939300552438e+00
1.505770491301500202e+00
1.505856082498185700e+00
1.505782249028783326e+00
1.505527334729984901e+00
1.505578410608365392e+00
1.505661813965301077e+00
1.505861777559008408e+00
1.505931045784864475e+00
1.505716428488877323e+00
1.506027041349395468e+00
1.505840751788490861e+00
1.505556039931327916e+00
1.505604510124282314e+00
1.505812433721708476e+00
1.505679006515407981e+00
1.505640689979382829e+00
1.505680429427232347e+00
1.505395879880089716e+00
1.505773217632322858e+00
1.505777186600755657e+00
1.506094518626590162e+00
1.505329802144219853e+00
1.505665878253458434e+00
1.505816288941374870e+00
1.505768173747766170e+00
1.505934398508048666e+00
1.505625232786697243e+00
1.506065199064764881e+00
1.505410096616561111e+00
1.505618633747946244e+00
1.505631454984378337e+00
1.505683337128669530e+00
1.505586633246958961e+00
1.505639790936253330e+00
1.505567286787327985e+00
1.505612783224690610e+00
1.505701631602360813e+00
1.505696191940063766e+00
1.505376716367181178e+00
1.505709704493091605e+00
1.505727265659758007e+00
1.505484655110680414e+00
1.505348486184716172e+00
1.505908757602843817e+00
1.505782695108528468e+00
1.505754792665438435e+00
1.505609406547423701e+00
1.506176089686690034e+00
1.505692262609857224e+00
1.505547850979851887e+00
1.505236247624405888e+00
1.505496420678168690e+00
1.506100268570194523e+00
1.505899998334231826e+00
1.505497662230979028e+00
1.505659608548022943e+00
1.505550186498431309e+00
1.505678516395730471e+00
1.505894305306640923e+00
1.505708362613095819e+00
1.505614353572063413e+00
1.505595848092340594e+00
1.505539752824758049e+00
1.505661242315290194e+00
1.505981161315985473e+00
1.505566974202779074e+00
1.505985950584463495e+00
1.505871037144385527e+00
1.505604924972690606e+00
1.505549768363427354e+00
1.505686525884711635e+00
1.505666709377681656e+00
1.505865171738216990e+00
1.505676559405090487e+00
1.505722116292105950e+00
1.505637834155769461e+00
1.505408623032172155e+00
1.505719417073354771e+00
1.505484390042398646e+00
1.505691505079577830e+00
1.505646204915932485e+00
1.505602564343420546e+00
1.505765714173602721e+00
1.505699919649720497e+00
1.505801604520623282e+00
1.505725282503050044e+00
1.505825865518358508e+00
1.505863950065681189e+00
1.505322735705965531e+00
1.505371532756887509e+00
1.505709720749694114e+00
1.505451857728252740e+00
