1.505667775551475351e+00
1.505628014735883813e+00
1.505666139731196784e+00
1.505687570312166157e+00
1.505463374394365061e+00
1.505650033440241842e+00
1.505700706659361288e+00
1.505703179541175718e+00
1.505691412942987029e+00
1.505676529896567084e+00
1.505669792843989718e+00
1.505570288673536039e+00
1.505644155569561216e+00
1.505639521549388071e+00
1.505643534915289461e+00
1.505672584935490832e+00
1.505672138098403057e+00
1.505752754571944685e+00
1.505590439093937416e+00
1.505645780508612308e+00
1.505659074781548812e+00
1.505670918217552501e+00
1.505675586848383318e+00
1.505694812733001209e+00
1.505421473583759218e+00
1.505640975238392132e+00
1.505625479956811619e+00
1.505610495566923834e+00
1.505639700081192744e+00
1.505656075779992609e+00
1.505604791110930707e+00
1.505624861448898066e+00
1.505712443153942814e+00
1.505619808499274903e+00
1.505689155712659710e+00
1.505551077474897248e+00
1.505734364777429279e+00
1.505710572041395690e+00
1.505600134217933261e+00
1.505757376240916212e+00
1.505647571406294016e+00
1.505585722611172184e+00
1.505657456492579094e+00
1.505628022743723093e+00
1.505725008029264345e+00
1.505661054104939112e+00
1.505701979790253553e+00
1.505587905706622376e+00
1.505698224994271861e+00
1.505633591334052612e+00
1.505567579643072307e+00
1.505654445542220277e+00
1.505677875757311934e+00
1.505711385822017245e+00
1.505685661797460551e+00
1.505645154091004301e+00
1.505683133349520642e+00
1.505722061490689212e+00
1.505647264245338679e+00
1.505697176323012698e+00
1.505675585427435514e+00
1.505724900048290849e+00
1.505674328561899422e+00
1.505660849652975752e+00
1.505686692431596141e+00
1.505632534555543467e+00
1.505659894841146373e+00
1.505656632460399269e+00
1.505611870671996089e+00
1.505683220247048482e+00
1.505712001068505002e+00
1.505645617946028469e+00
1.505704097157123389e+00
1.505670417506164593e+00
1.505588705807009653e+00
1.505660436314080641e+00
1.505645262860045852e+00
1.505683536325629124e+00
1.505648330120734846e+00
1.505651214998402931e+00
1.505607941301900343e+00
1.505649719356486393e+00
1.505659841279928024e+00
1.505711525418873320e+00
1.505640122073878207e+00
1.505657710887484235e+00
1.505690041039182914e+00
1.505384338580673109e+00
1.505637715741348526e+00
1.505613147309034394e+00
1.505599114725562737e+00
1.505650913812358160e+00
1.505659409698407503e+00
1.505671787246205540e+00
1.505654496455189895e+00
1.505619211998495910e+00
1.505681425418988972e+00
1.505654786883710683e+00
1.505660225167321453e+00
1.505655831815084555e+00
1.505679237380820545e+00
1.505647177932889047e+00
1.505769167333504299e+00
1.505630159792230582e+00
1.505726494652396497e+00
1.505673255985870096e+00
1.505674450678728959e+00
1.505642186140562888e+00
1.505602272602067249e+00
1.505679529324398747e+00
1.505690922701748757e+00
1.505586662057172953e+00
1.505669618229085627e+00
1.505593458991546507e+00
1.505671642814136790e+00
1.505587377646894875e+00
1.505686607704553204e+00
1.505511798464326256e+00
1.505649792932941100e+00
1.505701300820857957e+00
1.505766449362977877e+00
1.505620892807135736e+00
1.505646769093759607e+00
1.505909060058500115e+00
1.505624110857839648e+00
1.505739710914309359e+00
1.505741708652561739e+00
1.505630479322524362e+00
1.505673897374229853e+00
1.505703394247915217e+00
1.505665225649392314e+00
1.505623271858069545e+00
1.505701004833808865e+00
1.505754467169411193e+00
1.505743682144226270e+00
1.505622512972460081e+00
1.505617632040440190e+00
1.505721262179156028e+00
1.505606723094209176e+00
1.505691003488868418e+00
1.505685017254096314e+00
1.505404159655117313e+00
1.505701141936451881e+00
1.505616153933808432e+00
1.505633718107087127e+00
1.505659341289284692e+00
1.505662545262112850e+00
1.505628004477798543e+00
1.505698445696040499e+00
1.505313695232624482e+00
1.505734267252285985e+00
1.505635766236552264e+00
1.505695104918702176e+00
1.505675521060859445e+00
1.505649874362077645e+00
1.505636111034228453e+00
1.505632475415162208e+00
1.505418248120117708e+00
1.505691359122385720e+00
1.505786709212190377e+00
1.505657398898192501e+00
1.505625996804849098e+00
1.505377324566126163e+00
1.505684946840638361e+00
1.505581276479834418e+00
1.505697766116514069e+00
1.505652123807446285e+00
1.505660334507320730e+00
1.505809407616553575e+00
1.505690008072298802e+00
1.505707610437804878e+00
1.505687604364438492e+00
1.505371940690011234e+00
1.505696704812732545e+00
1.505669412298532572e+00
1.505671926115805803e+00
1.505658087018066027e+00
1.505562955212424558e+00
1.505763761609834717e+00
1.505358739448771521e+00
1.505628127925986215e+00
1.505648220590627195e+00
1.505745949020267815e+00
1.505633906085917850e+00
1.505707589829301973e+00
1.505685390740067131e+00
1.505660713865664357e+00
1.505700556533866585e+00
1.505641765574084356e+00
1.505925462078230304e+00
1.505638403117176782e+00
1.505660344646468030e+00
1.505659004099987319e+00
1.505637859426335767e+00
1.505671604703032296e+00
1.505627376748162494e+00
1.505689793245207797e+00
1.505560514286844898e+00
1.505645865293247621e+00
1.505689152904185812e+00
1.505704936198989596e+00
1.505626179571458723e+00
1.505752214201417249e+00
1.505670097209904856e+00
1.505661192679869087e+00
1.505638324909524650e+00
1.505645846238244712e+00
1.505724180891565123e+00
1.505722831019302266e+00
1.505588383407594932e+00
1.505668352873391402e+00
1.505593065486086735e+00
1.505743286846012996e+00
1.505701553951457328e+00
1.505711599442408399e+00
1.505698350624147031e+00
1.505580847404283773e+00
1.505558991473804120e+00
1.505673073713309718e+00
1.505629129637858998e+00
1.505703620657525388e+00
1.505584656561650414e+00
1.505600986698439225e+00
1.505648232143632193e+00
1.505739063711154513e+00
1.505761499092634015e+00
1.505588894434730651e+00
1.505732993456507351e+00
1.505704603616891291e+00
1.505760340502925398e+00
1.505645755187553725e+00
1.505633824283821642e+00
1.505630330669569306e+00
1.505719146067386882e+00
1.505716529632230349e+00
1.505598620452893499e+00
1.505637923903123010e+00
1.505633771050189029e+00
1.506028232079316354e+00
1.505713134351769567e+00
1.505708789866487596e+00
1.505678584869213577e+00
1.505623642427918352e+00
1.505621883866834931e+00
1.505970677653308609e+00
1.505673663300585829e+00
1.505585740488121660e+00
1.505693815518615697e+00
1.505696369804923052e+00
1.505693838321013889e+00
1.505720072902146267e+00
1.505334675753398521e+00
1.505633274539226685e+00
1.505633572736982506e+00
1.505783276822025396e+00
1.505593696455758801e+00
1.505649503867342531e+00
1.505667851797402257e+00
1.505709101694848950e+00
1.505654063614626503e+00
1.505634259665344477e+00
1.505698317312910817e+00
1.505676923057911454e+00
1.505681327386321433e+00
1.505664764442339099e+00
1.505628749257411414e+00
1.505722217440730759e+00
1.505670580857109808e+00
1.505666592957317418e+00
1.505450611247981740e+00
1.505666638494913556e+00
1.505662044814769507e+00
1.505784342484928207e+00
1.505672832220191104e+00
1.505701432176036914e+00
1.505704014488290055e+00
1.505603832655281415e+00
1.505646275686781443e+00
1.505589373303265033e+00
1.505571048986611205e+00
1.505634602385940379e+00
1.505725310105823223e+00
1.505671272471956756e+00
1.505679531405444971e+00
1.505577308412395343e+00
1.505598386946793266e+00
1.505661426226940103e+00
1.505588793721857499e+00
1.505709922350770391e+00
1.505996095429029014e+00
1.505595101443829575e+00
1.505624646646858800e+00
1.505683879705624006e+00
1.505938938555740458e+00
1.505550424603651072e+00
1.505646372234814123e+00
1.505684283651725242e+00
1.505658556916148250e+00
1.505697240962100780e+00
1.505621297108130197e+00
1.505769119262480027e+00
1.505707143981171336e+00
1.505651009621022940e+00
1.505508913730282838e+00
1.505750562392208725e+00
1.505605177554482532e+00
1.505572358794153409e+00
1.505601301283030713e+00
1.505745177982346750e+00
1.505640303879164588e+00
1.505727331457374474e+00
1.505744069454422407e+00
1.505558875256490570e+00
1.505737608780511438e+00
1.505750349254107778e+00
1.505681432230890682e+00
1.505614967487999722e+00
1.505781687352443665e+00
1.505643377367046565e+00
1.505373726297124515e+00
1.505639034673128762e+00
1.505756318456062059e+00
1.505589125493273617e+00
1.505646536272007285e+00
1.505717948876973855e+00
1.505659905547891197e+00
1.505709623590409940e+00
1.505619216590011300e+00
1.505741293546720261e+00
1.505707152131449789e+00
1.505649326290256163e+00
1.505597649390335357e+00
1.505712123210589226e+00
1.505594007796453582e+00
1.505677392508861567e+00
1.505695037939217773e+00
1.505618185851276714e+00
1.505678294578431053e+00
1.505573973622934547e+00
1.505680494281645743e+00
1.505640551704793051e+00
1.505748125518014735e+00
1.505543100280475777e+00
1.505655718206196703e+00
1.505606842824698699e+00
1.505619586945754707e+00
1.505667824531504495e+00
1.505644739050263858e+00
1.505558494674243297e+00
1.505747780562202154e+00
1.505635682569814504e+00
1.505720367212700417e+00
1.505634381206832906e+00
1.505651531060748116e+00
1.505759202570160715e+00
1.505637270375039360e+00
1.505686323394806347e+00
1.505630632322282114e+00
1.505740318442784664e+00
1.505617769465944056e+00
1.505631239631224805e+00
1.505687088571954657e+00
1.505672975257461133e+00
1.505660229234318637e+00
1.505696408712568379e+00
1.505696519049965376e+00
1.505700705493458136e+00
1.505727181396422143e+00
1.505608563037044378e+00
1.505624224226633112e+00
1.505629468815657290e+00
1.505651480753846361e+00
1.505639899221411948e+00
1.505697038648098340e+00
1.505360113444355497e+00
1.505597785235428088e+00
1.505725900954151264e+00
1.505622504606998202e+00
1.505697568849490464e+00
1.505634678489578659e+00
1.505654060884183965e+00
1.505597173532059019e+00
1.505774350381524185e+00
1.505727103024486979e+00
1.505596465272973639e+00
1.505672366014312535e+00
1.505636834196709906e+00
1.505634050108302091e+00
1.505572153548923708e+00
1.505700720941570481e+00
1.505689744569334021e+00
1.505679560838758535e+00
1.505657570917329213e+00
1.505710495321091580e+00
1.505654908638398792e+00
1.505641677181832616e+00
1.505646392717533200e+00
1.505666699251489327e+00
1.505831895436746226e+00
1.505638537293636503e+00
1.505659011644258527e+00
1.505686524451405273e+00
1.505547056759370061e+00
1.505728005873080422e+00
1.505552943271361466e+00
1.505594420879139417e+00
1.505593448944621882e+00
1.505626731890937098e+00
1.505612092070125030e+00
1.505406330601391174e+00
1.505648207194255628e+00
1.505654631089817119e+00
1.505642129907694304e+00
1.505686256018218927e+00
1.505653254797376661e+00
1.505694713518429984e+00
1.505963477878325296e+00
1.505759672740694999e+00
1.505961143775649935e+00
1.505632220074884842e+00
1.505769233054329526e+00
1.505672725683452784e+00
1.505782265261670805e+00
1.505682612270659915e+00
1.505592976690810048e+00
1.505660622738220766e+00
1.505585041158174375e+00
1.505631574695552866e+00
1.505594003185334984e+00
1.505672784229223460e+00
1.505660099137690722e+00
1.505587325712369751e+00
1.505667267075199822e+00
1.505614586080151973e+00
1.505677124257731370e+00
1.505627786240251620e+00
1.505671831729763266e+00
1.505730688979996401e+00
1.505907731413834494e+00
1.505403643018982329e+00
1.505697274479045333e+00
1.505680787328399717e+00
1.505612535726277512e+00
1.505763037346547373e+00
1.505584921967143108e+00
1.505649576782967403e+00
1.505639276557139805e+00
1.505665505037764751e+00
1.505707720683307826e+00
1.505659890470100404e+00
1.505643771787998908e+00
1.505732931285953313e+00
1.505560154059400801e+00
1.505751939707778542e+00
1.505614285325370894e+00
1.505598348880527126e+00
1.505878788454902972e+00
1.505659968958539041e+00
1.505753097396919093e+00
1.505587615904941723e+00
1.505584535776323341e+00
1.505865422385023855e+00
1.505622248279169906e+00
1.505639580385914167e+00
1.505639645248989744e+00
1.505669723410974603e+00
1.505700392538783960e+00
1.505730097329889938e+00
1.505682740368810224e+00
1.505661431668108285e+00
1.505713030743204062e+00
1.505746014543835498e+00
1.505677877452224367e+00
1.505787107718615347e+00
1.505635575045001007e+00
1.505717984316634839e+00
1.505712224766760032e+00
1.505629415243500357e+00
1.505721528525411079e+00
1.505613814141896656e+00
1.505733175534438306e+00
1.505647341944846396e+00
1.505679481983808188e+00
1.505673501377852830e+00
1.505580806380049097e+00
1.505652533737295684e+00
1.505659292023654450e+00
1.505744971752088546e+00
1.505681253067441494e+00
1.505568575229463413e+00
1.505633629307115751e+00
1.505693470030727621e+00
1.505651613808280942e+00
1.505671771620014754e+00
1.505657152370908136e+00
1.505662391663201927e+00
1.505650247802619468e+00
1.505753862255462039e+00
1.505603405639679426e+00
1.505587843194500675e+00
